8.857583045959473
8.696170806884766
8.53732967376709
8.536256790161133
8.383857727050781
8.519766807556152
8.458850860595703
8.327938079833984
8.361998558044434
8.184524536132812
8.22320556640625
8.236462593078613
8.106959342956543
8.058807373046875
7.979373931884766
7.957165241241455
8.166975975036621
8.29483413696289
7.9319024085998535
7.976632595062256
8.030972480773926
7.947837829589844
8.05318546295166
7.971641540527344
7.982747554779053
7.913999080657959
7.877685546875
7.8673481941223145
7.870406627655029
7.863316535949707
7.837445259094238
7.877022743225098
7.947910785675049
7.633199691772461
7.796042442321777
7.717188835144043
7.622100353240967
7.761875629425049
7.963958740234375
7.819007873535156
7.898358345031738
7.780628681182861
7.865837574005127
7.763011932373047
7.710965156555176
7.939501762390137
7.947044849395752
7.818816184997559
7.91316032409668
7.814996242523193
7.766852378845215
7.699598789215088
7.80885124206543
7.783348560333252
7.736213207244873
8.174295425415039
7.973208427429199
8.146772384643555
7.915863990783691
8.002195358276367
7.911660194396973
7.9058756828308105
7.77038049697876
7.853361129760742
7.870596885681152
7.8780903816223145
7.756575107574463
7.791555881500244
7.879364013671875
7.974022388458252
7.931118965148926
7.909273624420166
7.961370944976807
7.88624382019043
7.811826229095459
7.799437522888184
7.773205757141113
7.665390491485596
7.859902381896973
7.695948600769043
7.561573505401611
7.656363010406494
7.732449531555176
7.52349328994751
7.717036724090576
7.693093299865723
7.6909942626953125
7.729391574859619
7.725984573364258
7.816422462463379
7.695992469787598
7.754352569580078
7.715615272521973
7.52197265625
7.7997565269470215
7.630852699279785
7.609109878540039
7.495238304138184
7.521208763122559
7.52289342880249
7.609540939331055
7.584022045135498
7.573884963989258
7.439918518066406
7.573368072509766
7.406622409820557
7.602911472320557
7.767072677612305
7.735916614532471
7.612681865692139
7.538656234741211
7.643984317779541
7.770847797393799
7.664142608642578
7.51967716217041
7.534360408782959
7.5460052490234375
7.6812615394592285
7.479866027832031
7.438477039337158
7.433210372924805
7.45955228805542
7.906271934509277
7.918217658996582
7.901307582855225
7.906839847564697
7.866230487823486
7.80212926864624
7.901435852050781
7.890913963317871
7.837436676025391
7.790999889373779
7.885643005371094
7.83905029296875
7.837956428527832
7.763179779052734
7.88436222076416
7.890642166137695
7.726142883300781
7.918288230895996
7.77161169052124
7.862658977508545
7.864456653594971
7.7366943359375
7.819685935974121
7.732028961181641
7.676970958709717
7.724404335021973
7.631275653839111
7.646860122680664
7.885477066040039
7.838882923126221
7.8591108322143555
7.870189189910889
7.7580037117004395
7.757472991943359
7.77995491027832
7.967641353607178
7.82223653793335
7.749277114868164
7.8724775314331055
7.89525032043457
7.760929584503174
7.710235118865967
7.688961982727051
7.6137166023254395
7.734748363494873
7.8843278884887695
7.607940673828125
7.707724094390869
7.570224285125732
7.742510795593262
7.7437591552734375
7.765868186950684
7.908235549926758
7.698670387268066
7.64678955078125
7.592641830444336
7.586073398590088
7.636750221252441
7.787815093994141
7.639585971832275
7.674250602722168
7.664609909057617
7.738330841064453
7.834460735321045
8.024953842163086
7.875253677368164
7.900922775268555
7.831916332244873
7.836765766143799
7.9210124015808105
7.815509796142578
7.777676582336426
7.863767147064209
7.771442890167236
7.925097942352295
7.844213962554932
7.698831558227539
7.7663493156433105
7.648324489593506
7.61920690536499
7.636363506317139
7.593611717224121
7.588439464569092
7.679210186004639
7.686974048614502
7.632514476776123
7.500680446624756
7.6025567054748535
7.819303035736084
7.66232967376709
7.68821382522583
7.615710735321045
7.684330463409424
7.689505577087402
7.777658462524414
7.6656060218811035
7.686006546020508
7.686468124389648
7.697299957275391
7.534253120422363
7.4806928634643555
7.687386989593506
7.987753391265869
7.875949859619141
7.845818042755127
7.971429824829102
7.959103107452393
7.8681159019470215
7.87087869644165
7.774037837982178
7.696575164794922
7.826680660247803
7.806450843811035
7.926642417907715
7.758418083190918
7.706459045410156
7.660970687866211
7.755669593811035
7.763027667999268
7.66734504699707
7.722530841827393
7.769061088562012
7.643338680267334
7.749199867248535
7.68876314163208
7.6400146484375
7.547186851501465
7.757579803466797
7.624395847320557
7.700629711151123
7.745290279388428
7.685116291046143
7.677785396575928
7.7515788078308105
7.6609110832214355
7.649554252624512
7.650256156921387
7.682310581207275
7.74022102355957
7.66253137588501
7.63508415222168
7.605899810791016
7.70226526260376
7.679820537567139
7.642629146575928
7.539723873138428
7.630687236785889
7.488106727600098
7.537104606628418
7.473311901092529
7.660125255584717
7.437460899353027
7.518736839294434
7.954113006591797
9.267173767089844
8.78524112701416
8.186623573303223
7.612115859985352
8.04255485534668
8.840263366699219
8.26407527923584
7.976006984710693
7.997236728668213
7.813760757446289
7.914772033691406
7.724349021911621
7.884182929992676
7.888425827026367
7.908843994140625
7.768774032592773
7.755178928375244
7.835019111633301
7.866940021514893
7.765561103820801
7.720153331756592
7.782209396362305
7.745670318603516
7.683788299560547
7.6279377937316895
7.520306587219238
7.703272819519043
7.711091995239258
7.7075910568237305
7.669309139251709
7.480106830596924
7.629392147064209
7.637105464935303
7.596435546875
7.347163200378418
7.465998649597168
7.372017860412598
7.5146002769470215
7.638980865478516
7.662425994873047
7.628767490386963
7.4329705238342285
7.41315221786499
7.49115514755249
7.481983661651611
7.527059078216553
7.516026496887207
7.345266819000244
7.3690571784973145
7.477977275848389
7.425930976867676
7.347733974456787
7.434174060821533
7.453221321105957
7.32113790512085
7.275678634643555
7.259616851806641
7.295426845550537
7.467473983764648
7.2851033210754395
7.269730567932129
7.392919063568115
7.423140048980713
7.328190326690674
7.2699737548828125
7.394094944000244
7.113351821899414
7.974391460418701
7.669750213623047
7.651705265045166
7.539364814758301
7.789750576019287
7.825794696807861
7.649808406829834
7.559750080108643
7.633902549743652
7.455343246459961
7.45286750793457
7.564734935760498
7.629070281982422
7.456924915313721
7.571036338806152
7.49436616897583
7.534231662750244
7.489509582519531
7.526151657104492
7.452816963195801
7.508353233337402
7.671438694000244
7.565252304077148
7.461028099060059
7.437904357910156
7.422510623931885
7.4318037033081055
7.296093940734863
7.305774211883545
7.134440898895264
7.050697326660156
7.379107475280762
7.229355335235596
7.187044620513916
7.117326259613037
7.534501552581787
7.567271709442139
7.360927104949951
7.350741386413574
7.297053813934326
7.267011642456055
7.41690731048584
7.331623554229736
7.286843776702881
7.216712951660156
7.251002788543701
7.285618305206299
7.253007411956787
6.943337917327881
6.9711995124816895
7.210567474365234
7.147601127624512
7.217309474945068
7.099807262420654
7.036104202270508
7.190800666809082
7.218268394470215
7.147610187530518
7.177761077880859
7.068860054016113
7.146294116973877
7.136813163757324
7.180110931396484
7.052473545074463
7.199657440185547
7.152335166931152
6.942389965057373
7.144881248474121
6.750116348266602
6.761895656585693
6.863786697387695
6.86758279800415
7.1032304763793945
7.011983394622803
7.458726406097412
7.135192394256592
7.061374187469482
6.869272708892822
7.086490631103516
6.768914699554443
7.194304943084717
6.907625198364258
7.172435283660889
7.7785162925720215
7.477200508117676
7.600160598754883
7.632249355316162
7.450814247131348
7.598240375518799
7.438774108886719
7.448197364807129
7.643420219421387
7.450350284576416
7.351826190948486
7.150620937347412
7.554232120513916
7.490817070007324
7.424644470214844
7.358654022216797
7.340734481811523
7.359856128692627
7.151100158691406
7.019306182861328
7.162312030792236
6.97269344329834
7.214877605438232
7.39988899230957
7.115208148956299
7.317416667938232
7.040384769439697
7.316938877105713
7.214713096618652
7.102024078369141
7.188600063323975
6.940018653869629
6.903908729553223
7.132903099060059
7.188455581665039
7.225333213806152
7.197790622711182
6.691554546356201
7.103453636169434
7.109401702880859
7.314510345458984
7.216341018676758
7.035975933074951
6.745845794677734
7.081162929534912
7.070634365081787
6.958856105804443
7.032911777496338
7.253032207489014
7.121847152709961
7.1529927253723145
6.78477144241333
6.757777214050293
6.865559101104736
6.9870076179504395
6.924186706542969
6.906160831451416
6.844210147857666
7.064000606536865
6.903960704803467
7.033921241760254
6.730888366699219
6.367908477783203
6.752098083496094
7.009933948516846
7.095600605010986
6.960562705993652
6.868676662445068
6.871507167816162
7.447235107421875
7.409499168395996
7.503452301025391
7.364567279815674
7.467288494110107
7.364267826080322
7.314727306365967
7.2537522315979
7.245046615600586
7.111734390258789
7.323060989379883
7.192661285400391
7.10283088684082
7.144644737243652
7.237694263458252
7.112942695617676
7.033670425415039
6.984304904937744
6.889673233032227
6.957824230194092
6.865495681762695
7.220564365386963
7.152376174926758
6.977975845336914
6.94616174697876
7.103324890136719
7.010710716247559
7.088624954223633
6.800378799438477
6.941407680511475
6.637550354003906
6.952725887298584
6.870517730712891
6.859845161437988
7.0545525550842285
6.804175853729248
6.710574150085449
6.7518720626831055
6.802485942840576
6.778016090393066
6.723469257354736
6.732628345489502
6.786041259765625
7.187478065490723
6.847317695617676
6.750908374786377
6.675265789031982
6.701236248016357
6.588679313659668
6.903404712677002
6.69667387008667
7.027054786682129
7.036019325256348
7.003256797790527
6.707016944885254
6.910943508148193
6.705205917358398
6.770785331726074
6.926706314086914
7.539917469024658
7.311887264251709
7.362933158874512
7.309068202972412
7.210703372955322
7.169696807861328
7.187209606170654
7.06765604019165
6.9572882652282715
7.0731000900268555
6.867697715759277
6.889339447021484
6.835875034332275
6.965847969055176
7.049230575561523
7.133874416351318
7.051586151123047
6.784611225128174
7.0376739501953125
6.932844638824463
6.893765926361084
6.880232334136963
6.667950630187988
6.831576824188232
6.640422821044922
6.694270133972168
6.928818225860596
6.927102565765381
6.7355780601501465
6.791879177093506
6.692023277282715
6.705898761749268
6.819817066192627
6.725791931152344
6.745753765106201
6.776702880859375
6.79230260848999
6.628692150115967
6.637636184692383
6.69765043258667
6.835864543914795
6.72949743270874
6.796736717224121
6.637912273406982
6.761079788208008
6.7834367752075195
6.636049747467041
6.739494800567627
6.799550533294678
6.824667930603027
6.783421516418457
6.849000453948975
6.603952884674072
6.8036298751831055
6.511647701263428
6.777713775634766
6.5338664054870605
6.3990654945373535
6.5207695960998535
6.637242317199707
6.425506114959717
6.6046977043151855
6.7700934410095215
6.795598030090332
6.857159614562988
7.974732875823975
7.173710823059082
7.1720123291015625
7.229589939117432
7.13223934173584
7.067870616912842
7.015204429626465
7.096610069274902
6.995675086975098
6.969500541687012
6.952878475189209
6.936474800109863
6.848025321960449
6.939774513244629
6.869633197784424
6.861403942108154
6.93060302734375
6.913819789886475
6.856454372406006
6.847168445587158
6.871627330780029
6.921769618988037
7.026852607727051
6.863526821136475
6.938242435455322
7.110446453094482
6.924499988555908
6.904073715209961
6.934042930603027
6.914157390594482
6.730347156524658
7.013670921325684
6.715014934539795
6.798985004425049
6.862671375274658
6.828623294830322
6.929077625274658
6.871183395385742
6.6720781326293945
6.77296781539917
6.668437480926514
6.556354522705078
6.721307754516602
6.776099681854248
6.748883247375488
6.803099632263184
6.529073238372803
6.848180294036865
6.654542922973633
6.845120906829834
6.659641742706299
6.653684616088867
6.783762454986572
6.550325870513916
6.703954219818115
6.717726707458496
6.638000011444092
6.504222869873047
6.631938457489014
6.596207618713379
6.38688325881958
6.714422225952148
6.845115661621094
6.77900505065918
6.8382134437561035
6.703400611877441
6.709335803985596
7.044092655181885
7.115480422973633
6.905675888061523
6.994036674499512
7.13583517074585
6.93531608581543
7.033551216125488
6.9880290031433105
6.949802398681641
6.977158546447754
6.955801486968994
6.857924461364746
6.778855323791504
6.846094608306885
6.836927890777588
6.597845077514648
6.721994400024414
6.782301425933838
6.756974220275879
6.743265628814697
6.657162189483643
6.735671043395996
6.788280487060547
6.564037322998047
6.753851890563965
6.879305839538574
6.927907943725586
6.986783981323242
7.026288032531738
6.80072021484375
6.656243324279785
6.715114116668701
6.524955749511719
6.392116546630859
6.621106147766113
6.343020439147949
6.780817031860352
6.7422356605529785
6.7204270362854
6.7705488204956055
6.900081157684326
6.925329208374023
6.75370454788208
6.647535800933838
6.3040385246276855
6.220919132232666
6.659905433654785
6.82562780380249
6.729519367218018
6.574056148529053
6.485365867614746
6.523435592651367
6.637546062469482
6.498016834259033
6.507946014404297
7.538959503173828
7.189049243927002
7.291379451751709
7.300853252410889
7.180664539337158
7.0006890296936035
7.01674747467041
6.969381332397461
6.935769557952881
6.94848108291626
6.757328987121582
6.96903133392334
6.834682941436768
6.788902282714844
6.727005958557129
6.724581241607666
6.699761867523193
6.601050853729248
6.544680118560791
6.635012149810791
6.668432712554932
6.614624977111816
6.600074768066406
6.639050006866455
6.6693878173828125
6.789092063903809
6.757165908813477
6.623242378234863
6.584629535675049
6.490884304046631
6.392705917358398
7.050723552703857
7.038348197937012
6.659244537353516
6.876358985900879
6.600447177886963
6.485635280609131
6.664196014404297
6.523130416870117
6.693626403808594
6.678342819213867
6.651492595672607
6.762991428375244
6.946829795837402
6.238243579864502
6.090651988983154
6.322293758392334
6.440443515777588
6.803877830505371
6.7485480308532715
6.634670734405518
6.644006252288818
6.469313621520996
6.565664768218994
6.660595893859863
6.188584327697754
6.652690887451172
6.319370746612549
6.548741340637207
6.434192657470703
6.155725002288818
6.590656280517578
7.088238716125488
6.947052955627441
6.98527717590332
6.809755325317383
6.8289103507995605
6.848564147949219
6.772592544555664
6.819014549255371
6.789405822753906
6.589319229125977
6.927412986755371
6.653203010559082
6.700058460235596
6.700621128082275
6.59560489654541
6.749600410461426
6.555095672607422
6.907560348510742
6.816535472869873
6.786375999450684
6.730795860290527
6.703066825866699
6.509561538696289
6.643621921539307
6.588785648345947
6.559701919555664
6.606166839599609
6.642826080322266
6.326252460479736
6.502227306365967
6.827774524688721
6.496479034423828
6.543521881103516
6.43468713760376
6.623226165771484
6.425854682922363
6.5352654457092285
6.564558029174805
6.541983127593994
6.569197654724121
6.4708099365234375
6.626949310302734
6.32080078125
6.609198093414307
6.452587604522705
6.584346294403076
6.36332893371582
6.43439245223999
6.351150035858154
6.470229625701904
6.635279655456543
6.208054542541504
6.4638447761535645
6.535818099975586
6.343414306640625
6.15303373336792
6.133999824523926
6.340541839599609
6.28164005279541
6.639331817626953
6.260180473327637
6.402608394622803
6.250540256500244
6.153524398803711
6.319944858551025
6.445877552032471
6.400599479675293
6.0175089836120605
5.890680313110352
6.140370845794678
6.379443168640137
6.065244674682617
5.9982757568359375
6.134418487548828
6.299347400665283
6.310572624206543
6.1258625984191895
5.979729652404785
6.73232889175415
7.230966091156006
6.943682670593262
6.9895219802856445
6.880532741546631
6.858861923217773
7.089028835296631
7.095472812652588
6.950780391693115
6.7919182777404785
6.750437259674072
6.821185111999512
6.680845260620117
6.649601459503174
6.7969818115234375
6.917113304138184
6.833056926727295
6.539066314697266
6.643775939941406
6.677974700927734
6.607160568237305
6.81124210357666
6.60947322845459
6.629823207855225
6.583188533782959
6.544665336608887
6.529435157775879
6.48773193359375
6.504881858825684
6.623953819274902
6.691246509552002
6.575517654418945
6.535085201263428
6.355994701385498
6.380876541137695
6.5610270500183105
6.557301044464111
6.702054023742676
6.743549823760986
6.447469711303711
6.328553676605225
6.609229564666748
6.5230817794799805
6.752537727355957
6.416647434234619
6.409534454345703
6.379612922668457
6.311283111572266
6.3955559730529785
6.428468227386475
6.471413612365723
6.275579452514648
6.657412052154541
6.321680068969727
6.634257793426514
6.148860931396484
6.5362772941589355
6.058716297149658
6.579637050628662
5.991519927978516
6.275683403015137
6.573116779327393
6.217141628265381
6.477736949920654
6.539702415466309
7.02376127243042
6.982342720031738
6.782820701599121
6.79182243347168
6.834208965301514
6.808361053466797
7.070519924163818
7.0140509605407715
6.821209907531738
6.986949443817139
6.9124555587768555
6.637029647827148
6.5730061531066895
6.699615478515625
6.6266188621521
6.5151262283325195
6.584774494171143
6.504432678222656
6.641188621520996
6.484997272491455
6.559260845184326
6.787548065185547
6.710607528686523
6.434978485107422
6.503713607788086
6.632968425750732
6.707441806793213
6.5521345138549805
6.521090030670166
6.675830841064453
6.51795768737793
6.469886779785156
6.590814590454102
6.451725006103516
6.546305179595947
6.336418151855469
6.389561653137207
6.495553970336914
6.1666412353515625
6.284246921539307
6.520309925079346
6.570436954498291
6.335170745849609
6.403659343719482
6.241557598114014
6.542929649353027
6.221322059631348
6.445891380310059
6.305331230163574
6.259054183959961
6.3175249099731445
6.306001663208008
6.355781078338623
6.044765949249268
6.314746856689453
6.025486469268799
6.293051242828369
6.564511299133301
6.613539218902588
6.437039375305176
6.586848735809326
6.455461025238037
6.64662504196167
6.494241714477539
6.2299299240112305
6.243098735809326
6.3133344650268555
6.075798034667969
6.398342132568359
6.236387252807617
6.328851699829102
6.335499286651611
6.413707733154297
6.0173821449279785
6.562124252319336
6.393401145935059
6.375870227813721
6.412447452545166
6.027497291564941
6.307828903198242
6.069637775421143
6.423998832702637
6.261920928955078
5.957141399383545
6.0365190505981445
7.403781890869141
7.0067033767700195
7.1128339767456055
6.8744730949401855
6.999212265014648
6.999931335449219
6.729428291320801
6.889204025268555
6.79665994644165
6.95313835144043
6.64868688583374
6.66489315032959
6.750816345214844
6.80079460144043
6.70502233505249
6.743922233581543
6.757135391235352
6.593211650848389
6.69888162612915
6.675797462463379
6.653483867645264
6.411297798156738
6.582956314086914
6.584191799163818
6.341668605804443
6.639747619628906
6.590872287750244
6.56002950668335
6.58180046081543
6.368800640106201
6.512472152709961
6.460207939147949
6.589996337890625
6.517711162567139
6.542219161987305
6.303454875946045
6.4826130867004395
6.395205497741699
6.374878406524658
6.125917911529541
6.343513488769531
6.3324971199035645
6.401463508605957
6.381590843200684
6.238302230834961
6.437438488006592
6.412999153137207
6.456045150756836
6.225902080535889
6.5683512687683105
6.50886344909668
6.4349846839904785
6.468018531799316
6.694513320922852
6.80344295501709
6.627923011779785
6.594695568084717
6.543034076690674
6.450101375579834
6.482059478759766
6.489401340484619
6.627374172210693
6.333663463592529
6.452144145965576
6.528629302978516
6.481122016906738
6.445942401885986
6.603980541229248
6.5870184898376465
6.368405342102051
6.2147722244262695
6.5762939453125
6.533716201782227
6.473635196685791
6.407083034515381
6.578753471374512
6.483593463897705
6.748525142669678
6.763623237609863
6.705574035644531
6.7545270919799805
6.823440074920654
6.755620956420898
6.8700432777404785
6.707944393157959
6.6847357749938965
6.614863395690918
6.330875873565674
6.5769853591918945
6.672458648681641
6.605988025665283
6.50509786605835
6.609808921813965
6.6920695304870605
6.60653018951416
6.533847808837891
6.650161266326904
6.436781406402588
6.3787102699279785
6.497709274291992
6.5024895668029785
6.477019309997559
6.289897918701172
6.376197814941406
6.247219085693359
6.363558769226074
6.346984386444092
6.293555736541748
6.372452735900879
6.503074645996094
6.516125202178955
6.491071701049805
6.319838047027588
6.496840953826904
6.673806667327881
6.567946910858154
6.534661769866943
6.4940056800842285
6.414488315582275
6.40809965133667
6.429814338684082
6.607892990112305
6.4449782371521
6.338294982910156
6.401952266693115
6.4830732345581055
6.384676933288574
6.389592170715332
6.19541072845459
6.308810710906982
6.479063987731934
6.551987648010254
6.284677982330322
6.453024864196777
6.19631290435791
6.386511325836182
6.540914058685303
6.310039520263672
6.209688663482666
6.44257116317749
6.238978385925293
6.357823371887207
6.147683143615723
6.246720314025879
6.045011520385742
6.016232013702393
6.097085952758789
6.207437038421631
6.211706638336182
6.216111183166504
6.209079742431641
6.7024030685424805
6.761441230773926
6.488174915313721
6.613382816314697
6.630390167236328
6.409450054168701
6.558956146240234
6.597192287445068
6.406452178955078
6.486965179443359
6.409795761108398
6.400542259216309
6.298978328704834
6.21565580368042
6.325893402099609
6.191762447357178
6.461917877197266
6.364279747009277
6.298742294311523
6.148724555969238
6.166222095489502
6.243541717529297
6.259885311126709
6.144235134124756
6.043891906738281
6.1647725105285645
6.105235576629639
6.323513984680176
6.017772197723389
6.235134124755859
6.039188861846924
6.0821428298950195
6.232514381408691
6.207254409790039
6.383434772491455
6.210474014282227
6.322779655456543
6.219852447509766
6.268045425415039
6.130096435546875
6.116848468780518
6.010210037231445
6.301553249359131
6.14117956161499
6.073108196258545
6.225549697875977
6.182643890380859
6.1127424240112305
6.11922025680542
6.138753414154053
6.656126499176025
6.87365198135376
6.937953948974609
6.773407936096191
6.50998592376709
6.5780720710754395
6.1838154792785645
6.328969478607178
6.321221351623535
6.1027421951293945
6.18147087097168
6.131772994995117
6.010024070739746
6.054351329803467
6.0056471824646
5.834107398986816
5.905514717102051
5.8577117919921875
5.878261566162109
5.915008544921875
5.787073135375977
5.755568504333496
5.670281887054443
5.712893486022949
5.635812759399414
5.67489767074585
5.7880964279174805
5.691554069519043
5.604340076446533
5.555686950683594
5.774569511413574
5.67685079574585
5.609646320343018
5.577029228210449
5.5968122482299805
5.840120792388916
6.786259651184082
6.749442100524902
6.775374412536621
6.81511116027832
6.5703444480896
6.4547882080078125
6.443424224853516
6.6697492599487305
6.462521553039551
6.533778190612793
6.360907554626465
6.345698356628418
6.418058395385742
6.433482646942139
6.387566566467285
6.182249546051025
6.329828262329102
6.258221626281738
6.4150824546813965
6.381343841552734
6.24518346786499
6.359054088592529
6.4398698806762695
6.337644577026367
6.213906288146973
6.152874946594238
6.329049110412598
6.114716529846191
6.128263473510742
6.092679023742676
6.275110721588135
6.08628511428833
6.334538459777832
6.20245361328125
6.319595813751221
6.155932903289795
6.162834644317627
6.226015090942383
5.987293720245361
6.205679416656494
6.015417098999023
6.064759254455566
5.970783233642578
5.857605457305908
5.958357334136963
6.008109092712402
6.139195442199707
6.080632209777832
6.152072429656982
6.221200466156006
5.935399055480957
5.836552619934082
6.324798583984375
6.067089557647705
5.77065896987915
5.765641212463379
5.912392616271973
5.9686150550842285
6.032639980316162
6.279913425445557
6.170768737792969
6.246711730957031
6.022687911987305
6.138244152069092
6.155642032623291
5.981561183929443
6.047889232635498
6.02070426940918
5.9803009033203125
6.444504261016846
5.982720375061035
6.066694736480713
5.550426959991455
5.860558032989502
5.900382995605469
6.072197437286377
6.378556251525879
6.372797012329102
5.87421178817749
5.931428909301758
5.823977470397949
5.77998685836792
5.8658928871154785
5.984696388244629
5.802894592285156
6.2180047035217285
5.44126033782959
6.100342750549316
6.801334857940674
6.456782817840576
6.597317695617676
6.623213768005371
6.435027122497559
6.284206390380859
6.437201976776123
6.583985805511475
6.529058933258057
6.417653560638428
6.373809337615967
6.269697189331055
6.242737770080566
6.341824531555176
6.378636837005615
6.193737983703613
6.3143720626831055
6.146173000335693
6.200777053833008
6.374229431152344
6.340997695922852
6.226020336151123
6.209704399108887
6.147821426391602
5.990499019622803
6.235129356384277
5.7476725578308105
5.952968120574951
5.929275035858154
6.027198314666748
6.018752098083496
6.007195472717285
6.000482559204102
5.88034200668335
5.962022304534912
5.998861312866211
5.980419158935547
5.968099117279053
5.760861873626709
5.7990403175354
5.7171549797058105
6.1363019943237305
5.856202125549316
6.041853427886963
5.961738586425781
6.038062572479248
5.721681118011475
5.9918670654296875
5.954854965209961
5.974146366119385
5.78032922744751
5.85189962387085
5.960054874420166
5.686867713928223
5.920400619506836
5.691620826721191
5.714444160461426
5.940225124359131
5.6576619148254395
6.197513103485107
6.4770588874816895
6.493229866027832
6.389057636260986
6.393916606903076
6.342214584350586
6.393927574157715
6.314181804656982
6.767185211181641
6.605391502380371
6.429383754730225
6.24376106262207
6.359319686889648
6.15723180770874
6.345727920532227
6.466581344604492
6.454938888549805
6.640682220458984
6.537899494171143
6.4041666984558105
6.345122337341309
6.380401134490967
6.541757106781006
6.393292427062988
6.343889236450195
6.208965301513672
6.1774444580078125
6.038333415985107
5.959955215454102
6.0061726570129395
6.204560279846191
6.060751914978027
5.90035343170166
6.064733982086182
6.190038681030273
5.935666561126709
5.848903656005859
6.203279972076416
5.7710771560668945
6.210526466369629
6.055682182312012
5.45952033996582
6.180229187011719
5.875117778778076
5.780905246734619
5.9149699211120605
5.970306396484375
5.700464725494385
6.009943962097168
6.0179829597473145
5.97678279876709
6.0541486740112305
5.702093601226807
5.385529518127441
5.729851245880127
5.7845916748046875
5.655108451843262
6.221451759338379
6.05348014831543
5.77532958984375
5.417470932006836
5.587947845458984
5.660361289978027
5.856822967529297
5.3770246505737305
5.408596038818359
5.489385604858398
5.235185146331787
5.242856979370117
5.594982624053955
5.321599960327148
5.834744930267334
6.083683967590332
6.204102039337158
6.324499607086182
6.377429962158203
6.157828330993652
6.244485378265381
6.010290622711182
6.162969589233398
6.027297496795654
6.130640983581543
6.110869884490967
6.0838398933410645
6.085536003112793
6.037038803100586
6.224169731140137
6.067984104156494
5.838525295257568
6.109457492828369
5.996512413024902
5.880372047424316
5.895564079284668
5.790319919586182
5.869320869445801
5.392776012420654
5.92462158203125
5.733266353607178
5.76116943359375
5.977094650268555
5.921416282653809
5.938858509063721
5.832064151763916
5.596805572509766
5.850907802581787
6.11726188659668
6.016898155212402
5.995932102203369
6.197457790374756
5.901960849761963
5.933974266052246
5.968121528625488
6.174716472625732
5.7885518074035645
6.067987442016602
5.898831844329834
6.074028015136719
5.98748779296875
5.7234787940979
5.741730690002441
5.8466081619262695
5.864846706390381
5.686997413635254
5.9085917472839355
5.657994747161865
5.734983921051025
5.565224647521973
5.6592183113098145
5.51384162902832
5.870105266571045
5.787837505340576
5.549952507019043
5.828089237213135
5.6019182205200195
5.582860469818115
5.40034294128418
5.800270080566406
5.564106464385986
5.936859607696533
5.535432815551758
5.44364595413208
5.806813716888428
5.77728796005249
5.992731094360352
5.953151702880859
5.972922325134277
6.787892818450928
6.611246585845947
6.2299485206604
6.189075469970703
6.130218505859375
6.288363933563232
6.369265556335449
6.345405101776123
6.320359230041504
6.231160640716553
6.17797327041626
6.06847620010376
6.3559041023254395
6.218303680419922
6.124179363250732
5.967033863067627
6.062798976898193
6.171297073364258
5.828202724456787
5.942617416381836
6.200234413146973
6.190840721130371
6.011781692504883
6.165231704711914
5.968947887420654
6.204746723175049
6.049328804016113
5.943820476531982
5.864380836486816
6.10255765914917
6.265584468841553
6.164944648742676
5.9183855056762695
6.307859420776367
6.124968528747559
6.233778476715088
6.029570579528809
5.957440376281738
5.738010406494141
6.129362106323242
5.847476482391357
6.059597015380859
6.056870460510254
5.921533584594727
5.7546257972717285
5.808455944061279
6.094238758087158
6.136363983154297
6.061878204345703
5.663516044616699
5.531616687774658
5.639803886413574
5.845420837402344
5.933415412902832
5.490352153778076
5.932544231414795
5.969019889831543
5.875960350036621
5.99170446395874
5.6809844970703125
5.354572296142578
5.521228313446045
5.707984447479248
5.765993118286133
5.853763580322266
5.646854400634766
5.818970680236816
6.048884391784668
5.935776710510254
5.697935104370117
5.770461082458496
5.759772300720215
5.988410472869873
6.083881855010986
6.03682804107666
6.307242393493652
6.205567836761475
6.127573013305664
5.769526481628418
6.006108283996582
5.909339427947998
5.8075737953186035
5.681302070617676
5.858005046844482
5.979103088378906
6.009000301361084
6.123630523681641
5.762602806091309
5.64110803604126
5.384499549865723
5.664503574371338
5.798916339874268
6.381999969482422
6.360641002655029
6.759570121765137
6.164764404296875
6.125086307525635
6.21553373336792
6.186718463897705
6.035495758056641
6.1014251708984375
6.0027174949646
5.9070725440979
5.914648056030273
5.889172077178955
6.063135623931885
5.8904900550842285
5.638594627380371
5.846653461456299
6.009583950042725
5.825872898101807
5.976311683654785
5.726956844329834
5.853536605834961
5.600809097290039
5.908557891845703
5.915693759918213
5.970692157745361
5.786975860595703
5.817078590393066
5.7262468338012695
5.881975173950195
5.8331217765808105
5.8445210456848145
5.8238348960876465
5.8269734382629395
5.859642028808594
5.869909763336182
5.96157169342041
5.9017014503479
5.769217014312744
5.726513862609863
5.630300521850586
5.619462490081787
5.499908447265625
5.718260288238525
5.549383163452148
5.62439489364624
5.856318473815918
5.520335674285889
6.2490668296813965
6.4401535987854
6.195767402648926
6.254593849182129
6.262467384338379
6.206071853637695
6.123801231384277
6.180586814880371
6.568864345550537
6.275338172912598
6.200395584106445
6.21821928024292
6.085267066955566
5.97624397277832
5.994194030761719
5.948685646057129
5.927440166473389
5.974174976348877
5.796744346618652
5.7668585777282715
5.642833232879639
5.7364912033081055
5.808727264404297
5.50425910949707
5.73457670211792
5.694829940795898
5.881034851074219
5.681204795837402
5.708855152130127
5.6093316078186035
5.843420505523682
5.48090124130249
5.449496269226074
5.368875503540039
5.512775421142578
5.650998115539551
5.603044033050537
5.710689544677734
5.665787220001221
5.497523784637451
5.876428127288818
5.589227676391602
5.439004898071289
5.632127285003662
5.58236837387085
5.688932418823242
5.557714462280273
5.930950164794922
5.650264739990234
5.614475727081299
5.549393653869629
5.5322771072387695
5.579636573791504
5.595401287078857
5.85670280456543
6.417296886444092
6.203922748565674
6.1733856201171875
6.033841609954834
6.004213809967041
6.101176738739014
5.9196977615356445
6.1074652671813965
5.906232833862305
5.888003349304199
5.959478855133057
5.868867874145508
5.787287712097168
5.989035129547119
5.980533123016357
5.738729476928711
5.8041276931762695
5.777280807495117
5.8937578201293945
5.864341735839844
5.654252529144287
5.890494346618652
5.807816505432129
5.724700927734375
5.753067493438721
6.015900135040283
5.873043060302734
5.557432651519775
5.998310089111328
5.6062397956848145
5.648680686950684
5.7115254402160645
5.504202365875244
5.631165504455566
5.60297155380249
5.7891693115234375
5.506130695343018
5.576157093048096
5.748520374298096
5.4903244972229
5.784702777862549
5.947656631469727
5.740177154541016
5.758872985839844
5.448349952697754
5.624963760375977
5.473056793212891
5.701672554016113
5.279648303985596
5.550651550292969
5.51024055480957
5.704105854034424
5.822486877441406
5.667785167694092
5.740753173828125
5.731759071350098
5.475153923034668
5.676272869110107
5.786013603210449
5.376100540161133
5.704164505004883
5.713245391845703
5.612857818603516
5.970029830932617
6.133908748626709
6.093392372131348
5.973134994506836
6.187758922576904
6.3943305015563965
5.9723663330078125
6.151766300201416
6.4914021492004395
6.2576751708984375
6.103711128234863
6.245321750640869
6.023319244384766
5.92423677444458
6.0359787940979
5.9838547706604
6.206641674041748
6.377958297729492
6.1554083824157715
5.976236820220947
6.041965007781982
5.673929214477539
5.957199573516846
5.954257965087891
5.988519668579102
5.867370128631592
5.9709978103637695
5.777329444885254
5.646538257598877
5.7987165451049805
5.911775588989258
6.075383186340332
5.5725202560424805
5.848215579986572
5.759426116943359
5.768690586090088
5.862004280090332
5.685267448425293
5.86343240737915
5.581416606903076
5.8624677658081055
5.819699287414551
5.808632850646973
5.818469524383545
5.815649509429932
5.645201206207275
5.6563239097595215
5.614534854888916
5.682276248931885
5.598730087280273
5.698897838592529
5.872709274291992
5.638045787811279
5.464318752288818
5.560999870300293
5.728260040283203
5.821089267730713
5.66156005859375
5.789912700653076
5.7539963722229
5.780130386352539
5.677715301513672
5.70579719543457
5.563939571380615
5.507263660430908
5.675881862640381
5.4263834953308105
5.236299991607666
5.68705415725708
6.342408180236816
6.276799201965332
6.056731700897217
6.582274913787842
6.29299783706665
6.106563091278076
6.159265518188477
5.9965057373046875
5.904532432556152
6.0452494621276855
5.913323402404785
6.074516773223877
6.069659233093262
5.891633033752441
5.972146034240723
5.866786003112793
5.840582847595215
5.777098178863525
5.792614459991455
5.73436975479126
6.0566277503967285
5.496801853179932
5.397477149963379
5.932226657867432
5.800323009490967
5.662425518035889
5.67809534072876
5.555187702178955
5.2998366355896
5.604669094085693
5.294005393981934
5.279123783111572
5.65375280380249
6.009999752044678
5.279432773590088
5.156970500946045
5.548191547393799
5.575932502746582
5.4565629959106445
5.490359306335449
5.873106002807617
5.587956428527832
5.776304721832275
5.686201572418213
5.837375640869141
5.717601776123047
5.994810104370117
5.562994003295898
5.858364105224609
5.8139967918396
5.852393627166748
5.825128078460693
5.782622337341309
5.469532012939453
5.6455841064453125
5.688943386077881
5.322351455688477
5.606785297393799
5.724189758300781
5.415119647979736
5.556866645812988
5.5623321533203125
5.736580848693848
5.614283561706543
5.624514579772949
5.533348560333252
5.646541595458984
5.6750335693359375
5.316777229309082
5.524809837341309
5.884543418884277
5.822525978088379
5.853259086608887
5.823410511016846
5.663636684417725
5.431835651397705
5.78910493850708
5.719183921813965
5.447053909301758
6.275038719177246
6.150193214416504
6.435585021972656
6.0512800216674805
6.075738430023193
6.2173967361450195
6.245950222015381
6.021811485290527
6.306638240814209
6.034229755401611
6.104580879211426
6.110074996948242
5.976770401000977
6.166678428649902
5.956355571746826
5.915219783782959
5.9546356201171875
5.914567470550537
5.9957170486450195
6.018376350402832
5.880555629730225
5.877145767211914
5.934343338012695
5.734802722930908
5.811650276184082
5.959006309509277
5.950412750244141
5.893524169921875
5.930325508117676
5.773996353149414
5.899296760559082
5.725854396820068
5.600741863250732
5.704039573669434
5.674920082092285
5.8506550788879395
5.681311130523682
5.6988067626953125
5.664003849029541
5.748391151428223
5.693169116973877
5.672817230224609
5.880847454071045
5.711205005645752
5.807095050811768
5.570572853088379
5.79585075378418
5.713197708129883
5.737539291381836
5.548040390014648
5.5743536949157715
5.733196258544922
5.69511079788208
5.456938743591309
5.542165279388428
5.531175136566162
5.632241725921631
5.297818660736084
5.6468963623046875
5.589433670043945
5.396175384521484
5.5434370040893555
5.7592597007751465
5.9283623695373535
5.752259254455566
5.8528218269348145
5.529645919799805
5.797879695892334
5.527376174926758
5.772918701171875
5.577366352081299
5.522617816925049
5.414628028869629
5.448389530181885
5.713238716125488
6.384909152984619
6.0808610916137695
6.1167378425598145
5.902064323425293
5.747198581695557
6.0328850746154785
5.951035499572754
6.147292137145996
6.089058876037598
6.1970906257629395
6.046224117279053
6.056556701660156
6.163383960723877
5.7254133224487305
5.904453754425049
5.962037086486816
6.145421504974365
5.68041467666626
5.78439998626709
5.692004680633545
5.480520248413086
5.917148113250732
5.945850372314453
6.045533657073975
5.851226806640625
5.659989833831787
6.097553730010986
5.910277843475342
5.7777252197265625
5.914836406707764
6.202903747558594
5.59423303604126
5.884000301361084
5.467867374420166
5.681602954864502
5.555084228515625
5.837715148925781
5.956869125366211
6.265710830688477
6.118803024291992
5.524183750152588
5.564966678619385
5.830671310424805
5.731967449188232
5.851212978363037
5.836359024047852
5.566545009613037
5.900313854217529
5.800568580627441
5.832336902618408
5.837155818939209
5.5157880783081055
5.571734428405762
5.202511787414551
5.604516983032227
5.577295780181885
5.782459735870361
6.05116081237793
5.8569207191467285
5.680009841918945
5.935615062713623
5.785281181335449
5.77521276473999
5.665345191955566
5.843472957611084
5.928711414337158
5.547853946685791
5.91965389251709
5.452547073364258
5.332677364349365
5.668945789337158
5.7207818031311035
5.727416515350342
5.4131293296813965
5.839756488800049
5.633677005767822
5.7192230224609375
5.473972320556641
5.441495418548584
6.218273639678955
5.996699810028076
6.08636474609375
6.001058101654053
6.0665740966796875
5.95902156829834
6.111764430999756
5.963984489440918
5.979787826538086
6.000943660736084
6.037600517272949
6.123920917510986
5.798745632171631
5.784677505493164
5.8037333488464355
6.004602909088135
6.004621982574463
5.875914096832275
5.905686855316162
5.712177276611328
5.66941499710083
5.757150173187256
5.4914774894714355
5.794413089752197
5.800188064575195
5.573934078216553
5.5114545822143555
5.864719390869141
5.67196798324585
5.835954189300537
5.627206325531006
5.781452178955078
5.546356678009033
5.655855178833008
5.5201544761657715
5.753045558929443
5.67337703704834
5.661217212677002
5.676544189453125
5.693536281585693
5.7848405838012695
5.45822286605835
5.585626125335693
6.003073215484619
5.933876991271973
5.577877998352051
5.536579132080078
5.632137775421143
5.726749420166016
5.422610759735107
5.435222625732422
5.651644706726074
5.760636806488037
5.667842864990234
5.526034355163574
5.682531356811523
5.692934036254883
5.682304382324219
5.703242301940918
5.383902549743652
5.54443883895874
5.568634033203125
5.673403739929199
5.8038330078125
5.613359451293945
5.521327972412109
5.675734996795654
5.629858493804932
5.60969352722168
5.474684238433838
5.24070405960083
5.3221821784973145
5.567583084106445
5.54318904876709
5.628164768218994
5.5850043296813965
5.331731796264648
5.7473649978637695
5.146416187286377
5.35581111907959
5.528739929199219
6.3054962158203125
6.009942531585693
5.962547302246094
5.982965469360352
5.990556240081787
6.1638264656066895
5.996306419372559
6.024450778961182
6.109470844268799
6.005988597869873
5.923020362854004
5.897393703460693
5.812816619873047
5.909676551818848
5.609145164489746
5.82785701751709
5.750027656555176
5.779079914093018
5.646203994750977
5.6536030769348145
5.70421028137207
5.770968437194824
5.608194828033447
5.831310749053955
5.799551486968994
5.692699432373047
5.859249114990234
5.770869731903076
5.786887168884277
5.66447114944458
5.540966987609863
5.71341609954834
5.335517406463623
5.348055839538574
5.677962303161621
5.263237953186035
5.4587907791137695
5.401615619659424
5.449929237365723
5.314498424530029
5.314133644104004
5.347519397735596
5.682886600494385
5.3545074462890625
5.495004653930664
5.360076427459717
5.416166305541992
5.584231853485107
5.812455177307129
5.560119152069092
5.477950572967529
5.350281715393066
5.44428014755249
5.307853698730469
5.486162185668945
5.329336643218994
5.4643330574035645
5.120853424072266
5.60498046875
5.812801361083984
5.595287322998047
5.176630020141602
5.6847028732299805
5.493932247161865
5.395954132080078
5.2334794998168945
5.361776351928711
5.461165904998779
5.554408073425293
5.448294639587402
5.808663368225098
5.840870380401611
5.820205211639404
5.679263114929199
5.887337684631348
5.961822032928467
5.621236801147461
5.755183696746826
5.736464500427246
5.604778289794922
5.672876834869385
5.6781697273254395
6.116954326629639
5.890630722045898
5.904526233673096
5.604169845581055
5.538661003112793
5.958333492279053
5.532046318054199
5.749369144439697
5.912069797515869
5.74425745010376
5.594967842102051
5.668251991271973
5.766946792602539
5.657153129577637
5.705376625061035
5.884605884552002
6.238813400268555
5.902259826660156
5.707366943359375
6.523161888122559
6.974783420562744
6.4461469650268555
5.786340236663818
5.587285995483398
5.781126022338867
5.700620651245117
5.814136981964111
5.7752485275268555
5.933901786804199
5.863409519195557
5.687857627868652
5.8973822593688965
5.846216678619385
5.684497356414795
5.647433757781982
5.945307731628418
5.7753520011901855
5.788939952850342
5.933680534362793
5.759891986846924
5.560202121734619
5.352410793304443
5.878774642944336
5.518918991088867
5.5835490226745605
5.858789920806885
5.779353618621826
5.536490440368652
5.633389949798584
5.633943557739258
5.3104248046875
5.523134231567383
5.313867568969727
5.087810516357422
5.719171047210693
5.753537654876709
5.694151878356934
5.562682151794434
5.762317657470703
5.725622177124023
6.064022064208984
5.687359809875488
5.907220363616943
5.763051509857178
5.860123157501221
5.657290458679199
5.660006999969482
5.554413795471191
5.671563148498535
6.4586181640625
6.093747615814209
6.292831897735596
6.259308815002441
6.276933670043945
6.228306293487549
5.978422164916992
6.195102691650391
5.872554779052734
6.07249641418457
5.997828483581543
5.8410468101501465
5.8261590003967285
5.692811489105225
5.556883335113525
5.740479469299316
5.690215110778809
5.822000503540039
5.755352020263672
5.8343939781188965
5.680761814117432
5.639420509338379
5.632465839385986
5.604825019836426
5.701779365539551
5.7005109786987305
5.644333839416504
5.482904434204102
5.592245101928711
5.640523433685303
5.374383449554443
5.760570049285889
5.468610763549805
5.746870517730713
5.995006084442139
6.042837619781494
5.819403171539307
5.639499187469482
5.8337931632995605
5.990882873535156
5.948076248168945
5.827936172485352
5.681442737579346
5.725844860076904
5.912640571594238
5.707733154296875
5.796426773071289
5.950582981109619
6.035782337188721
5.868534088134766
5.5820536613464355
5.324915885925293
5.488534450531006
5.382862567901611
5.41902494430542
5.396077632904053
5.177102565765381
5.668010711669922
5.299224853515625
5.6062469482421875
5.48414421081543
5.549755096435547
5.308435916900635
5.4878058433532715
5.592192649841309
5.607527732849121
5.3589372634887695
5.601224899291992
5.122562408447266
5.457752704620361
5.700389385223389
5.667995452880859
5.335481643676758
5.201131343841553
5.358613967895508
5.413554668426514
5.502339839935303
5.790392875671387
5.906188011169434
5.92890739440918
5.992001533508301
5.840781211853027
6.027014255523682
6.005163192749023
5.872463703155518
5.862340927124023
5.7664666175842285
5.724310398101807
6.001213550567627
5.7887468338012695
5.769741058349609
5.910129070281982
5.964288234710693
5.710150241851807
5.521968841552734
5.401824474334717
5.4779558181762695
5.641390800476074
5.811954975128174
5.413797855377197
5.332885265350342
5.330602645874023
5.494602680206299
5.566665172576904
5.790179252624512
5.377628326416016
5.788442134857178
5.556239604949951
5.523713111877441
5.607143878936768
5.596829414367676
5.494452953338623
5.6642374992370605
5.40168571472168
5.448904037475586
5.574576377868652
5.392390251159668
5.214276313781738
5.381547927856445
5.615771293640137
5.503126621246338
5.436442852020264
5.371280670166016
5.530444622039795
5.341604709625244
5.463241100311279
5.590942859649658
5.4856367111206055
5.660566806793213
5.821881294250488
5.466921806335449
5.661491394042969
5.5941572189331055
5.725806713104248
5.822125434875488
5.480296611785889
5.526821136474609
5.23448371887207
5.34649133682251
5.191885471343994
5.408073902130127
5.244177341461182
5.433683395385742
5.2157416343688965
5.347209930419922
5.077578067779541
5.492640495300293
5.496506690979004
6.0210394859313965
5.6445512771606445
5.349153518676758
5.577208518981934
6.082603454589844
6.037652492523193
5.9972758293151855
5.865334987640381
5.943705081939697
5.878143787384033
6.490118503570557
5.97813606262207
5.776451110839844
5.89368200302124
5.820094108581543
5.787433624267578
5.6084303855896
5.7010416984558105
5.91634464263916
5.772299289703369
5.626524448394775
5.743238925933838
5.62869119644165
5.6842360496521
5.584254264831543
5.666265487670898
5.755720138549805
5.558801651000977
5.725218772888184
5.56791877746582
5.530610084533691
5.306272506713867
5.078381061553955
5.728188514709473
5.694871425628662
5.430316925048828
5.381926536560059
5.800450801849365
5.658583164215088
5.649332046508789
5.508934020996094
5.868533611297607
5.496136665344238
5.5585551261901855
5.742008209228516
5.672849178314209
5.838200092315674
5.64678430557251
5.273827075958252
5.593011379241943
5.396575450897217
5.782382488250732
5.77455997467041
5.451979160308838
5.571362495422363
5.629509925842285
5.403314113616943
5.353575706481934
5.4909892082214355
5.543639183044434
5.359797954559326
5.556827068328857
5.710562705993652
6.063599109649658
6.224800109863281
6.295215129852295
6.186297416687012
6.279213905334473
6.046361446380615
5.8361005783081055
5.831888198852539
5.808430194854736
5.857553958892822
5.882321357727051
5.8289794921875
5.785907745361328
5.727787017822266
5.900421619415283
5.725685119628906
5.648160457611084
5.383476734161377
5.664956092834473
5.6693243980407715
5.600671768188477
5.666108131408691
5.530430793762207
5.2489142417907715
5.537763595581055
5.553660869598389
5.7077484130859375
5.7486042976379395
5.506443023681641
5.507051944732666
5.7226128578186035
5.6299262046813965
5.267463207244873
5.568729877471924
5.562968730926514
5.771113395690918
5.337822437286377
5.5634765625
5.340260982513428
5.57907247543335
5.700843811035156
5.560632705688477
5.142424583435059
5.250699043273926
5.549312114715576
4.975213527679443
5.373650074005127
5.324400901794434
5.599155426025391
5.045625686645508
5.615952014923096
6.008642673492432
6.007113933563232
5.937113285064697
6.088408946990967
6.138761043548584
5.813069820404053
5.865191459655762
5.743005752563477
5.750251770019531
5.842959403991699
5.8255615234375
5.694018840789795
5.651573657989502
5.4937543869018555
5.7890825271606445
5.730125427246094
5.8314595222473145
5.849387168884277
5.693437099456787
5.775306701660156
5.712840557098389
5.600768089294434
5.529181957244873
5.658842086791992
5.6160197257995605
5.561790466308594
5.556492805480957
5.412525177001953
5.384429931640625
5.422391891479492
5.38667106628418
5.388795375823975
5.388764381408691
5.464410305023193
5.5765275955200195
5.629347801208496
5.567126750946045
5.301318168640137
5.419254779815674
5.429781913757324
5.3741631507873535
5.488489151000977
5.805216312408447
5.53114652633667
5.74410343170166
5.7094855308532715
5.478281497955322
5.451323509216309
5.608972072601318
5.596122741699219
5.4506988525390625
5.5208659172058105
5.353034496307373
5.506487846374512
5.276071548461914
5.411388874053955
5.321568965911865
5.317593574523926
5.444941997528076
5.51648473739624
5.523217678070068
5.587383270263672
5.429203987121582
5.451081275939941
5.248695373535156
5.351545333862305
5.654401779174805
