6.257171470572558
5.279923815780664
5.997644677575448
3.9923554203855565
5.4689907807866565
5.85838151578822
5.711799705861683
6.7860341426702915
5.997644677575448
8.935494029962669
4.97739532286424
6.257171470572558
6.327207458611426
3.9923554203855565
3.991225123750072
8.265088867468265
5.6716634467871
5.581895650618891
5.20965397996969
5.406003846219506
5.684072290829784
5.182743516059082
6.696023469784985
3.8375750868637075
5.6716634467871
5.62785720967843
6.676688176639081
5.10551275780754
4.870099995355693
5.406003846219506
5.3764902685824
4.942368679196377
4.581518635611008
4.025621583611215
5.109816535290002
4.333015349384174
8.28458527941921
5.0358080956310785
8.28458527941921
4.4268339805676025
6.406262448711621
4.798924847079283
8.28458527941921
5.890070094325966
5.152496650320702
5.05937242715237
3.760930081088953
5.152496650320702
4.4640862984287395
4.451717954400495
4.675827422193927
5.502450321230755
4.872599839650231
5.854801247316801
3.5053790893810466
5.29669006738491
6.684288303748038
3.8715226072990396
4.902432950420378
4.715096455400511
4.019907922710003
6.629565949594808
4.751563989758608
4.918433259849091
4.100630052761539
3.7177924162849885
4.704783877158383
3.734452564299589
4.813729899131709
4.210996129526548
4.448152354249664
4.987198280406579
3.807236680673996
4.448152354249664
3.8802557209728525
3.720379994542585
3.7177924162849885
4.618321259680976
3.7535256140001727
4.176744888545712
4.9990835044614546
4.692431580987136
4.646383075886742
4.567050436187114
4.279057188419254
3.9436478114713593
4.415579253583858
4.157712652757829
4.366249916622673
3.692921345140718
4.167166002945348
5.4626797244342296
2.877374039358149
4.646383075886742
2.877374039358149
4.384229052542204
4.212075629699273
2.688191909204565
2.580099639647409
4.025198112988735
3.7873912028185615
3.7469714974308204
6.0665370923749595
3.33877765647152
5.301875208720444
3.33877765647152
4.252321097441049
3.7224810148279146
3.8890828464321987
4.035185249911983
3.621335603402317
4.252321097441049
3.553984355564116
3.9491697918188606
4.45546842227446
4.007726720603737
3.731331188873359
3.819329919721413
3.553984355564116
3.8159260957810597
4.445858091612491
4.007726720603737
3.731331188873359
3.819329919721413
6.754305577057018
3.8546910264964542
3.553984355564116
2.9488550667065976
8.765142288127365
4.467544382349823
8.765142288127365
5.3550230391482305
4.208538940939316
4.243598701342181
4.467544382349823
5.6743355379688865
5.3550230391482305
3.001358619111679
4.467544382349823
4.821215428292353
3.9715794229800534
5.39923645124054
3.2130579342446763
4.467544382349823
5.877191410099914
5.209502385950485
2.78907446142309
4.242000008191297
8.60489514207162
5.209502385950485
3.030513562115617
5.088458389450301
3.1968885716450757
2.7615883029865347
5.233076801372867
3.564544934526024
4.242000008191297
8.260838036194206
3.6031716156640883
4.064392806372388
4.097735488977126
3.366565464276775
3.911580060631941
4.737302594742432
3.366565464276775
3.911580060631941
4.034814634626003
4.301578258532996
4.715355890859104
3.911580060631941
5.645852810925944
4.973172321140158
2.616195052077961
3.911580060631941
8.595929803714892
3.366565464276775
3.468960593057956
5.090974061494767
4.199042884135216
4.5649609067106
2.7522574681057144
3.68285751262234
3.468960593057956
6.945803610147271
4.689057918190636
3.9999382954235805
3.9919759554012977
3.468960593057956
4.27483323839039
4.689057918190636
3.8070363154732574
4.250080115747119
3.125658971366845
2.8045638892631306
3.068235776285032
4.07119541961354
4.295637508031866
2.8045638892631306
4.91476128815099
4.297096779231497
3.8812150424392393
3.5206820611473777
3.125658971366845
2.8045638892631306
8.188219105499146
2.7659140012948384
3.5627828035097933
3.404122091889448
4.011040678567198
3.34908286184509
3.0447312006554017
3.2200006326877695
3.011665893884267
4.744003451007189
2.585265515290968
5.452809940131782
4.0187131330394
4.177808913208101
2.585265515290968
3.1895807656012103
3.4349966525834437
3.286113671888921
3.1080219268591422
2.585265515290968
2.7363412723190206
3.2740044661363004
2.401920529081245
4.62954966854478
3.3493630323229118
3.1509254228526533
3.042647675432275
2.401920529081245
8.145548366877088
3.2740044661363004
3.4072973291282964
3.000597551360055
3.1046038388990094
4.398966321891115
3.035952523436594
8.145548366877088
2.265195302927885
5.498904286668826
3.808053905698108
4.976257367862866
2.4837882599554053
2.265195302927885
3.024299212782183
3.856161052382143
3.895528026335244
2.265195302927885
2.668967756345854
4.976257367862866
3.1281746212517305
3.8869200913043813
4.976257367862866
4.285548712745246
3.2043499537527453
3.617186886336937
3.814875645029334
3.0179784781703045
4.774518947449943
3.3448887660687237
3.7511429632371356
4.404827067462668
3.2043499537527453
3.0179784781703045
3.2384006622352377
3.414421848301158
4.404827067462668
3.395997727364226
3.488598993654999
5.300507525981403
4.076822829913909
3.690149404874178
4.4285471736721025
3.2225050170925353
2.974396921631506
4.123609643289429
4.4285471736721025
3.4031022030871627
3.917018260358646
4.799808324032542
5.582610559282736
3.990669500604889
3.7730165729866165
4.3753045153914885
3.6452149786112416
3.2225050170925353
3.765824111829363
4.025141051426528
4.321272537529294
3.3415142602974583
3.3912912083019138
4.321272537529294
4.148453114553605
4.321272537529294
3.432572253012747
3.3910029872977088
4.321272537529294
3.3415142602974583
3.294672099320291
3.6945866764646915
4.321272537529294
3.6945866764646915
4.124596826913096
3.2643941167314585
3.6654705311958886
3.867915835663242
4.589888078365433
5.926578190335035
3.784581922420023
3.7236518019648788
4.421091934772656
3.528933014883694
3.0802409511519833
3.74395930580766
3.6654705311958886
4.047409829615029
4.124596826913096
3.6654705311958886
3.4676625987366596
3.8888562202372237
3.62370567150517
3.243958168865962
4.107534447967526
3.8888562202372237
3.6987746938301007
3.62370567150517
3.654490962490884
3.542948161178191
3.881588614234158
4.46902178456565
3.3008629312649824
3.8888562202372237
3.4676625987366596
3.853331418111072
3.6957045581306933
3.6389454530386045
3.395118783153032
3.642473358677879
3.6957045581306933
3.6389454530386045
3.5553829539812347
3.8153539162864374
3.6957045581306933
3.6389454530386045
3.5553829539812347
3.5511044470796365
5.786863847575081
3.5511044470796365
4.147772880974795
4.167046402140738
2.769540215423105
3.7808757841670118
3.743046642352218
3.6471822279379538
3.2676706406117115
2.7967960012449025
3.6471822279379538
3.623106522079041
3.9241936667226422
3.3179107601501774
3.4598160262408015
4.770147562034856
3.496941064832703
3.8202616946263057
3.3748713201819798
3.5398636399754237
2.7341148043992263
3.8065729727762347
4.155137070040786
3.4741216619513082
2.430428159358738
4.728771893354063
2.6574387469238094
3.2930297665454984
3.2108193019550755
3.6284033823170674
2.6574387469238094
3.588245636415824
4.440155823697959
3.264430492698047
2.9026573934670172
4.440155823697959
2.541770734138048
3.5940668751878917
3.1005166527536887
3.182992317407348
3.6309317502577065
2.541770734138048
3.968903653356353
3.3624226888404234
3.3624226888404234
3.9357762986461995
3.5041420288517195
3.6759718107931603
4.469144593817005
4.054099072795519
4.469144593817005
3.7039710477232415
3.156288096453002
3.262466099593206
4.693199252431906
3.702445604433849
4.347287082581322
2.3706928330605592
3.1605087268093204
3.3852583989747953
4.277885690542439
4.095390400419514
2.8046119641244127
4.606851626993463
4.490125677976475
3.262466099593206
4.513040629899254
4.216513359281473
4.469361597786019
4.553895897122052
3.6654291447203575
3.900538253410243
3.0776141812303073
3.2578174935653754
2.3347621538354244
2.96693994815547
3.8632222914703105
3.068031219131341
2.235598868696758
3.8011416314320647
3.3019967704775337
5.254983833587129
3.5831785333507193
3.068031219131341
3.7222012785685763
3.2458418858825198
3.106380215860704
3.3374626574052164
2.842106995721947
3.3344825617573135
3.7398831083239283
3.4583718683372346
3.106380215860704
3.9102820634139746
5.09558198336006
3.106380215860704
2.9465639169118893
2.2570890770641756
3.238220270443572
3.2898864995187442
2.8593634107549892
3.0176955283994937
4.063703538371588
3.3697269117189292
2.203681965225829
2.8593634107549892
3.0176955283994937
3.6390117257977637
3.7877561002688815
5.329201805999281
3.0176955283994937
3.674287577407172
3.847428436426018
4.0655249492285765
3.633842431899924
5.10262485561562
4.290102309728242
2.1448694528978325
3.7946890273981775
3.4039780702540683
3.813776241424452
2.936656890140998
4.414167229781683
3.1924789188175637
2.1448694528978325
3.7328070866618943
3.824568645619595
3.7063268602929758
3.393611701891954
3.3428958678818943
3.625750264483332
2.9746136250068678
3.3844419318025034
2.891359817926694
3.513476727418182
4.716361029078176
4.398709188351074
3.679202271090553
3.513476727418182
3.1293523127810285
2.8108551247465283
4.011399033935807
4.445999357622991
3.6234755330963444
7.459824898004966
2.2998599820868746
7.459824898004966
5.953685740369041
4.092967590736922
3.745714268281548
3.5416481128472306
3.9107572430344746
3.4976072064088277
3.3410823165922707
3.523746190982778
3.216380187764711
4.105444182526802
3.4976072064088277
3.9107572430344746
3.3410823165922707
3.7231949217668223
6.76597293658313
3.601362430709622
4.264100186377798
3.673139916507443
3.9676933877085636
3.8994844854267625
3.283671641730088
3.989090766794514
3.2715931250460835
2.4279806574670135
4.235690369226495
2.9954217438011876
5.336486677280861
3.8413317065365304
7.210064688479052
3.8652610121834465
3.929440872392877
4.235690369226495
5.336486677280861
4.165789958761266
3.0008238168732766
4.089919951618803
4.1292854087049315
3.215713806630416
4.641573430079909
2.798289516801474
3.686174476884658
3.9296921109407057
4.1292854087049315
3.573036379410052
4.485601186861414
3.5601487849010396
4.070057388189857
2.1252039882872524
3.6131741954240195
3.721522866168045
6.778293596375862
2.880055529129771
4.135011777288284
4.566795424846207
4.49619301299864
3.1325021886979187
4.982665176325564
2.9221879978706102
3.432704646529246
3.655417387525579
4.135011777288284
4.49619301299864
2.8127274863724834
2.880055529129771
3.721522866168045
5.612849948513456
4.220224318072221
3.5420575358530875
2.3037700237798813
2.6080234029063947
3.5420575358530875
4.072386398878332
5.276780468670351
3.054921968722934
2.8125347967417373
4.478723722509512
4.5099106420218655
2.8125347967417373
3.1154621569409406
3.2762948041967377
2.8125347967417373
4.89395819775734
3.2794857245440965
4.373550386252701
2.7472709184057256
3.466026588074347
4.100651645792444
2.947146921450914
3.482671397819311
4.404641589399241
2.947146921450914
3.6652803128261717
3.807397768779993
3.608133338437026
5.466016076616481
4.109589587673547
3.554620055681412
2.978667613024094
2.6417645996425447
3.013127958826226
4.304616290942545
5.037442103828189
2.6734401043633476
3.4176145265045905
6.101943854261885
3.0803907486602125
3.4948788595494404
2.4422488930742823
3.1289043260695095
3.5538336563518858
3.8899849309113157
4.309203409185228
4.157710413601071
4.264400197503972
3.5403592037253704
2.9634790289831554
2.9914611986367228
3.3877188085897814
2.567803602611569
5.062122596765987
3.702098418011159
3.5901986911097423
3.6414126237574713
2.4673055021996553
3.5370829058751494
3.153228965661977
2.6022052303489596
2.4673055021996553
3.0763804275528863
3.435813786956627
3.2234026730071816
3.1453392738224797
3.222572973924258
4.291689757051894
2.4308105033901684
3.437417536481421
3.3081028437693827
3.5182848919194085
3.874603374498904
3.3577948143135607
2.5513460655474085
2.4308105033901684
3.0250796308124195
5.93059152257691
3.021363388464357
4.332804602472791
3.939487564168774
3.5284192361682303
2.3719170979277284
2.9712558498678074
3.172321988872159
3.362765614662612
3.7604695802412884
3.8769381797437363
2.563654549404623
2.3719170979277284
2.9712558498678074
2.9412402595036418
2.3719170979277284
3.7013180405619717
4.126935047902344
3.816308017251263
4.201455719359312
3.3200346113558146
3.21820157954436
5.936906773792347
2.814867116836755
3.8747134109128756
3.314809299027709
4.145884249867021
3.2367747061200123
2.865001354321722
6.3186773938308365
3.015046969646737
3.4729867468107525
4.089488124457094
4.997668006329464
3.182185602514265
2.907582863388622
6.572586805294058
3.661487638378247
3.358591966092302
3.0877257623671475
2.214054980134448
3.8018307249687253
6.572586805294058
3.031249414246984
4.260239212922732
3.883380493579216
3.0877257623671475
2.214054980134448
3.793327835631289
6.572586805294058
3.034541233741788
4.479814057128459
4.296098000351561
2.686124210770821
3.2432599537753966
2.8912689619276972
2.122206214389227
3.2432599537753966
3.966626672711195
2.122206214389227
3.74805876026988
3.2240917904835853
4.216716644941987
2.122206214389227
3.2432599537753966
3.966626672711195
2.0095807314165914
3.697619142730737
4.846190929846371
2.599955253857042
3.174369089920945
4.28079971973483
4.223143714135865
3.0997660130291296
2.7078533663093145
2.995729749622276
2.9989617840672786
2.882611597189179
2.591771100586439
3.9824032768720823
3.174369089920945
4.28079971973483
4.251973308429513
2.7288855284973996
2.6476351635646913
3.7060751892145554
4.222982879764799
3.213993270697511
4.115138753159176
2.4796679270369055
2.931606310775002
3.7060751892145554
2.5096150279138136
6.7230733421753355
4.132125594583877
3.382326806826707
2.954722855418257
3.325716838939262
3.4016616974723313
4.163054208939632
4.242285916679063
6.641504033759098
4.137221493801507
5.506525584529371
3.3281658601052464
3.1384639230890565
4.049054437127307
3.755426284357857
2.8792588145109757
4.163054208939632
3.0611741252671067
2.9511079509436984
3.6062420720620527
3.8674487433335822
3.944809257375397
4.13902941582681
2.93035467745145
3.16496612684969
2.93035467745145
3.16496612684969
3.2167084105201997
3.9628650662502984
4.266870519452819
4.176141963227233
3.178303179553082
3.3722636115140947
2.8710249599380053
3.3249597188569284
3.9776396504087286
1.6899383150314833
2.690948975828578
3.8270112349566583
3.4461887844152352
3.44467010170152
3.3524637325132693
3.2377382023105885
5.4923428969960275
3.489146617270671
3.2946138041158246
4.2947121504881745
3.879719667936399
3.7130600770683277
6.30912413462021
3.185887481114081
4.4231337397444825
1.7190219880890716
2.8439061246644473
4.052032180522972
3.9179035734304013
3.0412269908126164
4.408148333100237
3.289060387839591
4.566699808892065
3.227715648871975
3.2851828752480388
3.936695248788319
3.725230205076962
2.8439061246644473
4.070025582527335
3.8597050793021475
6.098334483284741
3.2851828752480388
1.754125521531921
3.2121014032466877
3.615714385961009
6.417141130396915
3.0934993776816047
1.6220555433691424
4.542379855559129
3.453013761492163
4.509848749899633
3.485704769767777
3.615714385961009
2.057101908393272
4.364167614151198
2.789870769211505
5.875577200638227
3.195405959373762
3.574466002154484
3.9935211240943316
5.6888303463649414
3.5535084686107092
5.007981684815347
3.136842042758964
3.624404588403926
2.110732310886868
3.1064029287557124
3.8021321690131566
3.9935211240943316
2.2288148755435793
3.775089403752399
3.1872543209276736
3.7977545126336345
3.9935211240943316
2.2582963490971117
3.460394482143058
5.528570780875528
3.1470133742381536
3.8233742483491295
5.253460153571276
3.328550306450603
3.1712620246009964
2.1834988137031925
3.255396199111762
4.048598912833246
2.644797608517738
2.1834988137031925
3.408711742193127
2.2582963490971117
3.224828045160241
3.7336707531268747
3.293476373632854
3.7656954472037354
3.659696430683289
3.8005438073304
3.579290394242477
3.304638242579665
3.124399691514792
6.116136433405418
3.755386465642014
3.0941955156519336
5.423714011092159
3.7656954472037354
3.8005438073304
5.1827272174337145
3.304638242579665
3.7049937399346304
3.209833444809169
3.7794261898085764
3.6108259678863335
3.7537863026973732
3.5202811921679125
3.22604826708017
3.0983967956559866
5.988102277132303
3.7049937399346304
3.044709942229368
3.9236917251378722
1.8446771530264663
4.445356484746972
3.0752468877008834
4.175139843419701
3.4572126866825386
3.3275791737831435
5.408565680352862
3.337418144540717
3.715551966444264
2.6912660179441943
3.7159832565940443
2.9833146671852027
3.7159832565940443
3.632923978913455
5.408565680352862
3.805805717404292
3.584554795355828
3.720008605704451
5.066196545899426
3.134418000018365
3.1869322982660253
3.4679941527919786
3.5561469258362024
4.211004053838983
5.4006029683323415
3.6890997632395357
5.020931852710133
3.068010829878368
3.5561469258362024
2.688873261291999
3.8184551969967635
3.4679941527919786
3.4736966522218187
3.5561469258362024
3.0546599996455206
3.4736966522218187
3.4522214934474316
3.8392966944408418
3.4522214934474316
2.8842585429775434
4.085896075937805
3.392749841219537
3.385804104535153
3.855823572160398
3.4522214934474316
5.387711318245181
3.9781272909715795
3.5275177697143243
3.385804104535153
5.387711318245181
3.3656130154826345
3.5654570620031847
3.812221849663276
4.856395552867944
3.7876162617853786
3.5126064440624494
3.2899250674006133
2.928718431418308
3.8934947828120934
3.4252257324591557
2.849861547085129
3.4981653123064103
3.3071308333721627
3.8014114361803975
2.6617320524550787
3.184720182290491
3.4252257324591557
3.4012461337140554
3.4603156532204915
3.3331356369451934
3.344837316071006
4.882497156712642
3.378184105589351
2.8115681136649955
4.368916381742437
3.394345548950857
3.2041082803006593
2.8848749132707825
3.217201336089618
3.3160413973541236
2.8115681136649955
4.095407313229387
3.459955234989077
3.217201336089618
3.5363578091597487
3.7362519854285146
2.609255308391742
3.404100051101322
3.825029599265176
3.9944518350063922
2.7135724240723826
3.6979778846863005
3.570115680228008
3.79347129577513
4.404538430408084
6.044014605761342
3.0237927456320945
3.740783658706914
3.1470965448823076
4.804599308042566
3.8973601853956126
3.87463699119562
3.0595244659832694
3.90688529821214
3.242975717176113
4.309650699145262
2.769442320126177
3.7316399327958116
3.7332530327508335
3.4804100814865797
3.4804100814865797
3.87463699119562
3.51414488341817
2.9024074106315396
3.9984137304591356
3.812189003861042
2.443215772569445
3.489431986359051
3.5664548422236937
2.56434438243921
4.23536595327139
4.470387406828002
3.436074158832717
3.897054466890279
5.45973683515315
3.878779145636348
3.975123360286251
4.259035726425517
2.5171065452304178
3.77596386261801
4.351924660179204
5.922478244995266
3.3490565658623654
3.770000233024601
4.068388950067919
3.8103443079754116
4.150584909235607
3.1737941349916707
3.505914237222659
2.363069794817327
3.522734428058962
3.465880211701549
3.9390413632856043
3.4635968932538024
3.706574418917976
3.9424733854593823
3.3664045988079807
3.9752424392551204
3.444710836734298
3.529805035943847
5.5875872954621215
3.381081870341859
2.2182751729067225
3.5167335901838523
3.5667047698888865
5.5875872954621215
3.381081870341859
3.4873488888033437
3.838482178379531
3.2977095851056664
2.290334942043952
3.7422349674816386
3.5592037189018915
2.290334942043952
4.018571850584468
2.364719966884803
3.514564928973649
3.4332718749281943
2.6293335012067325
4.169506504911663
3.3636720305343504
3.2123825553490364
4.146030062644448
3.3801771334467174
3.749465970305986
4.146030062644448
3.4645025527081232
3.220198608854868
2.937591471099848
2.964324323236381
2.109669687414855
3.9511039926565963
3.9511039926565963
3.080233705328657
1.8508046270317466
3.9511039926565963
3.080233705328657
1.8508046270317466
3.3642409378631513
3.363552471891448
3.9269069165240764
3.7204156748646042
4.184766480138023
3.182422943552474
3.626842410070256
3.363552471891448
3.3008361342156207
3.0138353073385518
3.7550682699582865
4.053506906078911
2.9232310083048167
4.361451631032406
3.7957802430090952
4.830230738716242
4.002501560002872
3.8602621362590077
3.7980738794287547
3.6651048524361154
3.3008361342156207
5.070558461035114
3.966186796487532
5.070558461035114
3.893324390936536
3.502420440851735
3.7990039187745626
3.33551010016914
3.9873082469732153
5.184506773889943
3.886922891851138
3.228416595389787
4.986604402968551
3.886922891851138
5.964449741104771
3.5907960774670067
3.9724495892039884
4.173904707120102
3.344514310459101
3.136951538535309
3.6793356848133505
3.735975253224713
4.016240764365134
2.952748704768574
3.6998660637296346
4.173537642418771
3.343604440994357
3.0925967005183477
3.6793356848133505
3.6391490135580664
2.592093372009053
3.7685834567169336
3.11319577453918
3.3179482488306196
4.173537642418771
3.367920494986729
3.4651729069084047
4.264731580193015
4.276781323965076
3.598531007394617
2.5987632482095844
2.8719332958444035
3.3449005952871214
3.6109393217533476
3.0898398413859645
3.6142893901319164
3.1638671426421743
3.7681528195140537
5.266565457117803
3.820350196328196
3.3621760773866334
3.1907832687041733
3.730345213870479
2.591706739545052
3.1893100786439272
3.471897697303894
3.113818494983038
3.1300584244214376
3.580391397083668
2.8700126460079933
3.155024886833718
2.9930471771562295
2.244366044372871
3.281593412062978
3.1329918983311216
2.6591078067153404
3.49999093345665
3.3789527293542414
3.608313693608471
3.33285829940548
3.3709324965686167
2.3631780864613323
3.5328888300883876
1.7177445820157946
3.5770769179944306
3.476947904585243
3.4122717079933143
3.7695775344216598
2.601014923526271
3.5734800190502445
3.732771970174613
3.8849902110659986
3.4122717079933143
3.7985272843727884
3.4604107476036097
3.451907433846511
3.375701469274342
3.3182094263195583
3.846117763504397
2.6386236037064124
4.034994536693163
3.0497842619411353
3.139731843872258
3.342150611946778
3.0577585311262454
3.0634093812170287
1.7848253726736207
3.1789733373746216
3.027612138574311
3.163025938811592
1.8699342493214777
3.2549197358528303
3.2462542261860614
3.9665087915934576
3.166275818819406
2.5847787429942164
3.667775517399569
3.53826845281897
3.685792598209741
3.2549197358528303
3.611811372310438
3.8211108388958697
3.1614006688928895
5.131276582322896
1.9019515878733912
3.5075700770459988
3.043926817680078
3.0827608337719874
3.486521463360636
3.0994591996527987
1.9584744865833006
3.490322390875062
3.144059741571324
4.067583893739642
3.209651520368864
3.0827608337719874
3.7240096960806066
3.0353909672640227
3.3580195577937606
5.067842358470508
2.6807849442266822
3.687528716312202
3.0394563162350474
2.873725161836994
3.4636043741707123
3.7547710555443925
3.185067944234267
3.9513664939076403
3.4636043741707123
2.9258011033470313
3.1903518478090556
3.0394563162350474
3.5484842472839055
2.9031406135416047
3.0670822534579365
3.5651597375101596
3.622302146322023
2.9548048237348623
3.647344029669123
3.778376077022673
3.0706495579109023
4.1790476838809125
2.838570639930914
3.4369861030086697
3.091000085932283
3.711722690719234
2.15589898209241
3.0616886271749837
2.983989149895772
2.15589898209241
3.1934626800489467
3.274279346707896
3.042232531723948
3.2072307514184546
3.5433663860887754
2.145252643984039
3.2380978294755303
3.3042676517895817
3.6549943157652462
2.8876588279378015
3.04403655694538
3.0882438199388718
4.198035403335349
3.5489661957870053
2.956387206255055
4.481424893293578
3.137530420551757
3.217192109468949
2.8876588279378015
3.0045255576014407
2.9920970646713805
4.633373321261561
3.6369011664065254
2.847061280303369
3.8502857620430637
2.9099656514881964
3.2269551880522545
2.9920970646713805
3.5280681892244945
3.6369011664065254
3.4868399204122897
3.0171740509452305
3.3888219579210945
3.539818943547666
3.543791745332567
2.992642203614742
3.453279999565292
3.4333912332610788
3.825006543374744
3.2704496469884834
3.459163875237998
3.1153911509677896
3.109249214195406
2.981553319610779
3.4292972021298995
2.981553319610779
3.3330282042882153
3.109249214195406
3.3980966097623697
3.0016739626844084
2.8670301372324443
3.1013061190546884
3.00508833008837
4.4045356968209814
3.2710874250080684
3.3025689612175855
3.977690261516599
2.9259310517194512
2.7972836539716757
4.476178767032739
3.172055093941763
3.85854502264817
3.858670107670251
2.9658639588542557
2.9259310517194512
2.03097655831016
2.9937590002494687
2.6875194649717815
3.0522304710692993
2.9063739239469206
3.5646168027719964
3.9147378523957195
6.066160977023509
4.088303750820932
6.066160977023509
3.9053530204946276
2.997529235941202
3.0567902598945973
2.3462955125539064
3.8789713701589017
1.9526155283508946
3.2904529303339722
3.152738061110668
1.9526155283508946
3.203317570465908
3.2839937882905956
2.817062437216981
3.5877593644005317
3.697091881434493
3.4397039646578627
3.758059979537392
3.4655817053446016
3.0190341557364477
5.023820860819213
3.0982948341464756
3.4655817053446016
4.031375774600099
3.4030000368066267
3.5877593644005317
2.922070787881266
3.038999236570809
3.8817346578820704
1.832413356756022
3.0810855310558787
3.2725184454167047
3.7811211846062354
3.6018357096959273
2.825281702357769
3.448213384258183
3.939667620566926
3.844329777895851
3.3052783002682147
2.752634480832696
3.482082945012813
2.793623210287513
3.1765583475388324
3.056034683657479
3.8315645015010986
3.1394400115589436
3.307780206516626
3.056034683657479
3.307780206516626
3.056034683657479
3.1545495712412337
3.5331587759239316
3.0731451048347633
3.056034683657479
3.0731451048347633
3.396488082154557
1.7786360225455138
2.986928262689091
3.1394400115589436
3.058688335371947
2.9215847041843563
3.0703581354896468
3.084194375128574
3.626020186111317
5.858703862600763
2.7484185373066614
4.140814582157832
3.1491233146899407
3.919196256579783
2.8852927955648773
3.733281753503847
3.8494184998555796
3.255092405459037
4.08499441549684
6.281706038928789
4.1776999187339525
3.1124707128121254
3.6707005175787306
3.167428573408595
3.483419311519286
2.650941639943875
3.756142880431849
3.624688514936204
3.5070705589843687
3.053840080020822
3.4383787830827006
1.7467895069893107
3.820017403675191
3.275278944216163
3.2943576546140605
1.7467895069893107
3.3154869911764653
3.3724252197310958
3.4036774722814958
1.7363156490837814
3.2575117149226216
5.677487515731024
3.6509270412412915
3.539294834915546
3.909221445197246
3.2096288514644025
3.9774365073764573
3.3592991014614797
2.712895378135308
1.7363156490837814
3.502942759968787
3.4036774722814958
2.339862057824912
3.0808580462269575
3.4388783614720584
2.6442512357549357
3.5839508866235485
3.2533889189773837
3.686136747635417
3.5136262813808337
3.803215610363945
3.7973411404664663
6.331854757683598
3.276225069139304
2.8821235421158375
3.1129902385594064
3.486919106427533
3.543477326308589
6.301113430207927
3.3203733041068544
4.149777128923923
3.036669957621892
3.5535349515839028
3.037343837876191
3.261269168142797
3.7911595037818575
2.845543256682484
3.2562504560091106
3.326834925201036
1.7563217013832277
3.369117901284134
3.261269168142797
1.7563217013832277
3.129350973658345
6.252800746702391
3.221730153529505
4.495307964459753
4.709568218580888
3.4464810802601336
3.1647312889246617
2.2260593250090515
3.2283010529110516
3.1027278007911363
2.7128490404599916
3.2283010529110516
3.6203152431336365
3.0531420239539577
3.8279022902204747
3.0889045176026033
3.9246795298339743
2.7405321092850765
3.022568848459098
3.7535229226376456
4.452140647223305
4.687301555717522
3.233786479086838
3.5535393980814316
3.7663664327511386
4.687301555717522
3.783985236801993
3.0198017413511127
3.2267515125790935
2.8265315216523024
3.4645108803423064
3.450845369409664
2.70273036467535
3.4337924654151517
3.4561727001607583
3.3213327242515667
3.725932727941205
3.727655176591956
5.783600933813542
3.647054655182583
2.9910356274913283
3.1961207078670304
2.27221688585833
3.027921570303865
2.931072744588516
2.5564090240373774
3.0875980828811307
1.8583225901519524
3.7134813151543
4.024772369260633
3.5478706724350797
2.9065052999974603
4.007570614904843
3.122435347896607
4.007570614904843
2.628606622844557
3.294604497084481
3.3809232722252665
2.9729405620203293
4.203666045291813
4.005486106470148
3.2631841862814723
2.760367425835754
3.8798184908529283
1.9057356184687244
3.9016595588175793
2.947469640901599
3.9657664925330964
1.957401792754405
3.1894514973136667
4.104891745732887
2.960084357712097
3.907242883006048
1.957401792754405
3.319889086550808
3.296239775562307
3.3476939511058004
3.6861811305126873
3.296239775562307
3.4814486499894413
3.071426909912885
3.0614954166217894
4.459110775156139
3.4948545838500626
2.804255566270227
2.915810052898913
3.4143297802628436
4.0102963135621295
3.2502595351638752
3.2656255338827873
3.193432359841715
2.8630601952360566
3.2046827371947066
6.272736050414416
3.2502595351638752
3.0818679485009746
4.351139065987574
3.6690361792242046
3.5450998952866324
2.9128845492062774
3.7625194552909846
2.8382524414343924
3.7269236984069325
3.37268305012644
