8.89865493774414
9.215987205505371
9.03235149383545
8.914715766906738
8.620588302612305
8.419649124145508
8.270179748535156
8.29955768585205
8.246917724609375
8.051018714904785
8.183196067810059
8.26156997680664
8.161091804504395
8.07307243347168
8.067560195922852
7.926210880279541
8.228434562683105
8.212196350097656
8.029744148254395
7.971452236175537
8.016563415527344
7.835093021392822
8.091306686401367
7.991609573364258
7.986748695373535
7.969829559326172
7.815225124359131
7.84975004196167
7.845177173614502
7.835646152496338
7.780608177185059
7.9296393394470215
7.968506813049316
7.629008769989014
7.785980224609375
7.709230422973633
7.683546543121338
7.833733081817627
7.900448322296143
7.789637088775635
8.052536964416504
7.806813716888428
7.860743999481201
7.726558208465576
7.6418890953063965
7.95615816116333
7.825414180755615
7.857414245605469
7.901435852050781
7.814034461975098
7.690081596374512
7.66714334487915
7.752811908721924
7.6866559982299805
7.739272117614746
8.239007949829102
8.027177810668945
8.14655876159668
7.897361755371094
7.909167289733887
7.773105144500732
7.719935894012451
7.654727935791016
7.827889442443848
7.867330551147461
7.767776966094971
7.680172920227051
7.614582061767578
7.76406192779541
8.019296646118164
7.969480514526367
7.861169815063477
7.918731689453125
7.841636657714844
7.849815845489502
7.744023323059082
7.674590110778809
7.589431285858154
7.73186731338501
7.744212627410889
7.4980597496032715
7.604213714599609
7.786688327789307
7.357100009918213
7.636816024780273
7.4715986251831055
7.470637321472168
7.554936408996582
7.501183986663818
7.71705961227417
7.473057746887207
7.559344291687012
7.528047561645508
7.252499580383301
7.519821643829346
7.047000885009766
7.482264041900635
7.40168571472168
7.45231819152832
7.368000030517578
7.439284324645996
7.346887588500977
7.405834197998047
7.233468055725098
7.275041580200195
7.1358723640441895
7.377878189086914
7.515641212463379
7.459652423858643
7.352728843688965
7.2975172996521
7.412325859069824
7.565591335296631
7.330406188964844
7.133382797241211
7.178093910217285
7.316345691680908
7.5595197677612305
7.015523433685303
7.261444568634033
6.989231109619141
7.001108169555664
7.974496364593506
7.89369010925293
7.858573913574219
7.766429901123047
7.724216461181641
7.567455291748047
7.848541259765625
7.760853290557861
7.696774959564209
7.447185039520264
7.820773601531982
7.703550815582275
7.608509063720703
7.863749027252197
7.574760913848877
7.444978713989258
7.411273002624512
7.753736972808838
7.5435895919799805
7.516188621520996
7.386129379272461
7.266559600830078
7.477492809295654
7.314973831176758
6.699113845825195
7.255464553833008
7.23780632019043
7.3821635246276855
7.665143966674805
7.703304290771484
7.657817840576172
7.4791154861450195
7.311400413513184
7.252167224884033
7.344771862030029
7.53253173828125
7.4643874168396
7.467552661895752
7.542746067047119
7.468975067138672
6.940765857696533
7.117882251739502
7.050917625427246
7.0068230628967285
6.837461948394775
7.1662750244140625
6.710122108459473
6.91678524017334
6.950402736663818
6.6245222091674805
6.800687789916992
7.118074893951416
7.256742477416992
6.826756477355957
6.658081531524658
6.56302547454834
6.709710121154785
6.7516655921936035
7.3884453773498535
7.2035441398620605
7.198644161224365
7.206636428833008
7.260425090789795
7.444296360015869
7.576410293579102
7.445484638214111
7.4232401847839355
7.256523609161377
7.189878940582275
7.013967514038086
7.209726333618164
7.001616954803467
6.98712682723999
7.139430999755859
6.956188678741455
7.022469520568848
7.048101902008057
7.106302738189697
6.806125640869141
6.952198505401611
6.54981803894043
6.669272422790527
6.461069583892822
6.719590663909912
6.9215192794799805
6.768157005310059
6.703460216522217
6.2887163162231445
6.850686073303223
6.614864349365234
6.403400421142578
6.323208332061768
6.609222888946533
6.910042762756348
6.851985454559326
6.8868536949157715
6.674291133880615
6.707675933837891
6.436290264129639
6.463301658630371
6.0905375480651855
6.6805806159973145
7.441157341003418
7.151243209838867
7.156614780426025
7.268723011016846
7.177068710327148
7.150604248046875
7.2222113609313965
7.099459648132324
7.030099868774414
6.920088291168213
6.904122829437256
7.1073455810546875
6.906582355499268
6.799452781677246
6.635214328765869
6.80391788482666
6.877814292907715
6.704009056091309
6.302901268005371
6.5799055099487305
7.027384281158447
6.753743648529053
6.540984153747559
6.417920112609863
6.292429447174072
6.635437965393066
6.552035808563232
6.690136432647705
6.554099082946777
6.7332844734191895
6.606914520263672
6.825376033782959
6.770227432250977
6.688853740692139
6.603713035583496
6.751720905303955
7.037935733795166
6.6564788818359375
6.576091766357422
6.232898712158203
6.526005268096924
6.531623840332031
6.17354679107666
6.527935981750488
6.712062835693359
6.081618309020996
6.15433406829834
6.1003522872924805
6.572324275970459
6.200572490692139
6.263121128082275
7.04153299331665
8.932869911193848
8.033233642578125
6.897634506225586
4.9834771156311035
6.276966094970703
7.212423324584961
7.225749492645264
6.984852313995361
6.887275218963623
7.064144134521484
7.048731327056885
7.072143077850342
6.794195175170898
6.940371990203857
7.045084476470947
6.768294811248779
6.557379245758057
6.885936737060547
7.070194244384766
6.783605575561523
6.479905605316162
6.323869228363037
6.657683849334717
6.12938928604126
6.017016887664795
6.410743236541748
6.329437255859375
6.027921676635742
6.495337009429932
6.5029377937316895
6.169388771057129
6.207754135131836
6.373732566833496
6.387665271759033
6.274457931518555
6.41178560256958
6.29620361328125
6.676141738891602
6.839813709259033
6.749572277069092
6.709404468536377
6.242146968841553
6.492003440856934
6.311352252960205
6.262344837188721
6.09431266784668
6.336982727050781
6.0506272315979
6.055947780609131
6.333249092102051
6.456518173217773
6.334492206573486
6.510045051574707
6.390751361846924
5.997609615325928
5.998944282531738
5.980801582336426
6.1189494132995605
6.296742916107178
5.906150817871094
5.960490703582764
6.20851993560791
6.3667755126953125
6.13282585144043
6.091137886047363
6.298076629638672
5.618588924407959
7.363624095916748
7.09423303604126
6.925084114074707
6.762038707733154
7.031280994415283
7.009625434875488
6.7252726554870605
6.689230918884277
6.520597457885742
6.2163286209106445
6.633015155792236
6.884208679199219
6.77508020401001
6.679248332977295
6.765923976898193
6.686545372009277
6.409481048583984
6.457660675048828
6.486649513244629
6.549631118774414
6.634464263916016
6.852302074432373
6.693769454956055
6.4066901206970215
6.551175594329834
6.485784530639648
6.5575361251831055
6.477206230163574
6.335524559020996
5.85579776763916
5.806451797485352
6.389136791229248
6.114414691925049
6.357728481292725
6.033050060272217
6.611469745635986
6.401391506195068
6.341584205627441
6.127631187438965
6.330885887145996
6.392783164978027
6.286049842834473
6.546430587768555
6.261189937591553
6.019319534301758
6.31744909286499
6.438048839569092
6.289206027984619
5.911395072937012
5.754124164581299
5.885432243347168
5.99153470993042
6.176858901977539
5.825073719024658
5.851012229919434
5.936842441558838
6.287954330444336
6.071794033050537
5.878691673278809
5.768318176269531
5.954692840576172
6.198781967163086
6.16514253616333
6.0334930419921875
6.2228803634643555
6.190096855163574
5.7664265632629395
6.209603309631348
5.489624977111816
5.290738105773926
5.580898761749268
5.786309719085693
6.232534885406494
5.9518256187438965
6.2502593994140625
6.081591606140137
5.9842047691345215
5.710737228393555
6.267888069152832
5.464163303375244
5.9533514976501465
5.761532306671143
6.3123860359191895
7.04624080657959
6.706167697906494
6.744433879852295
6.689748764038086
6.5464630126953125
6.643814563751221
6.867263317108154
6.522589206695557
7.002227783203125
6.501036643981934
6.418004989624023
6.31642484664917
6.718437671661377
6.606807231903076
6.271146774291992
6.419181823730469
5.8921332359313965
6.384943008422852
6.2659149169921875
6.052122592926025
6.186092376708984
6.068796157836914
6.53350305557251
6.376737117767334
6.353019714355469
6.447010517120361
6.158945560455322
6.539367198944092
6.25982141494751
6.146073341369629
6.325881481170654
5.823128700256348
6.022420406341553
6.269448757171631
6.16312837600708
6.398770332336426
6.324060916900635
5.6804728507995605
6.196204662322998
5.929270267486572
6.2043304443359375
6.229925632476807
6.049210548400879
5.726086139678955
6.123966217041016
6.154331207275391
5.945384979248047
6.101998329162598
6.219626426696777
6.123562812805176
6.092379570007324
5.858704566955566
5.559431076049805
5.948313236236572
6.109936237335205
5.93412446975708
6.112273216247559
5.8556671142578125
6.150959014892578
5.927361488342285
6.053876876831055
5.718350410461426
5.370089530944824
5.851247310638428
5.984389305114746
6.125202178955078
6.132012844085693
5.816496849060059
5.973851680755615
6.849902153015137
6.570126533508301
6.668454647064209
6.544731616973877
6.675832748413086
6.6877923011779785
6.467357635498047
6.304291725158691
6.623948574066162
6.35992956161499
6.546928882598877
6.387578010559082
6.142732620239258
6.366607666015625
6.3562164306640625
6.299346923828125
6.119685649871826
6.136405944824219
6.04164981842041
5.9282450675964355
5.82639741897583
6.190555095672607
6.248439788818359
5.993556499481201
5.969804763793945
6.214711666107178
6.291606903076172
6.162676811218262
5.840947151184082
5.9195404052734375
5.562028408050537
6.2130656242370605
5.818228721618652
5.952154636383057
6.038010120391846
5.835201740264893
5.501736164093018
5.795088768005371
5.787600517272949
5.7657790184021
5.814154148101807
5.803041458129883
5.796019554138184
6.232857704162598
5.90623140335083
5.652082920074463
5.757785320281982
5.862204074859619
5.59276008605957
6.052555561065674
5.8395209312438965
6.131882667541504
6.29326057434082
6.152432918548584
5.735262393951416
6.138853549957275
5.8845438957214355
5.775763988494873
5.935011863708496
6.745455741882324
6.532991886138916
6.47633695602417
6.570540428161621
6.300570487976074
6.267212867736816
6.194313049316406
6.054238319396973
5.952103614807129
6.098099231719971
5.968290328979492
5.868162631988525
5.891881942749023
5.971887111663818
6.1830830574035645
6.167837142944336
6.126987934112549
5.8772101402282715
6.256285190582275
5.936257839202881
5.953579902648926
5.9203267097473145
5.708631992340088
6.115096092224121
5.532180309295654
5.658946990966797
6.037487030029297
5.97379207611084
5.8313117027282715
6.038934707641602
5.650604724884033
5.810333728790283
6.017024993896484
5.995269775390625
5.833122730255127
5.872443675994873
5.882811546325684
5.9036478996276855
5.992173671722412
5.639919281005859
5.908133506774902
5.76499605178833
5.839552402496338
5.7424445152282715
5.817856311798096
5.971890449523926
5.8945465087890625
5.821627616882324
5.889827728271484
6.045389175415039
5.805440425872803
5.866353988647461
5.803867816925049
6.0683274269104
5.406484603881836
5.9748005867004395
5.565380573272705
5.37711238861084
5.521004676818848
5.745882987976074
5.411751747131348
5.7249226570129395
5.888057231903076
5.932740688323975
6.007771968841553
7.47938346862793
6.4543681144714355
6.417086601257324
6.385987758636475
6.30804967880249
6.256900310516357
6.275475025177002
6.388448715209961
6.083311080932617
5.938394546508789
6.005373954772949
6.062895774841309
5.866600513458252
6.1066436767578125
6.127877235412598
5.964162826538086
6.1625447273254395
6.202004432678223
6.028960704803467
6.014729022979736
6.134259223937988
6.0279622077941895
6.283637523651123
6.186580181121826
6.201102256774902
6.263637542724609
6.086172103881836
6.017475605010986
6.131651401519775
6.0307297706604
5.959322929382324
6.164438724517822
5.803340911865234
5.992888450622559
6.022705078125
5.972384452819824
6.065134048461914
6.042243957519531
5.650386810302734
5.851019859313965
5.724821090698242
5.718526840209961
5.797788619995117
5.859405517578125
5.9609832763671875
6.004836082458496
5.557055950164795
5.967872142791748
5.876011371612549
6.087634086608887
5.904327869415283
5.825897216796875
5.862664222717285
5.646803855895996
5.898374557495117
5.865184307098389
5.787878513336182
5.7263007164001465
5.710761547088623
5.633324146270752
5.648406982421875
5.858367443084717
6.017576694488525
6.002745628356934
6.015044212341309
6.033412456512451
5.810288429260254
6.536152362823486
6.682006359100342
6.308166980743408
6.338571071624756
6.49828577041626
6.255099296569824
6.319796085357666
6.233534336090088
6.34583044052124
6.269482135772705
6.210738658905029
6.160362720489502
6.054165363311768
6.178297996520996
6.080720901489258
5.875574111938477
5.668878078460693
5.901688575744629
6.043907642364502
5.840703964233398
5.679525852203369
5.944174766540527
6.023775577545166
5.7183427810668945
5.740521430969238
6.292250633239746
6.017606735229492
6.063979148864746
5.759886741638184
5.7814788818359375
5.778751850128174
5.644323348999023
5.397977352142334
5.236579418182373
5.574779033660889
5.353724479675293
6.051568984985352
5.920447826385498
5.9793219566345215
5.9430670738220215
6.223372459411621
6.3831682205200195
5.931435585021973
5.930697917938232
5.494457244873047
5.504011631011963
5.890350818634033
6.221959590911865
6.021694183349609
5.740533351898193
5.611471652984619
5.709535121917725
5.800544261932373
5.614631652832031
5.654433250427246
6.881293773651123
6.504786968231201
6.506916522979736
6.485219955444336
6.372152328491211
6.245421409606934
6.306647777557373
6.157646179199219
6.084445953369141
5.947173118591309
5.909110069274902
6.1097331047058105
5.954333305358887
5.659177780151367
5.906747341156006
5.8899078369140625
5.705491065979004
5.604740142822266
5.23167610168457
5.752122402191162
5.975318431854248
5.7996721267700195
5.7286810874938965
5.724145889282227
5.778168678283691
5.870941638946533
5.898244857788086
5.780817985534668
5.622278690338135
5.7197771072387695
5.598109722137451
6.280580520629883
6.171917915344238
5.772758960723877
5.902129650115967
5.579102039337158
5.8063225746154785
5.416848659515381
5.449663162231445
5.911954879760742
5.878776550292969
5.979615688323975
6.020774841308594
6.238545894622803
5.470095634460449
5.32981538772583
5.403862953186035
5.4251837730407715
6.026834011077881
6.002320766448975
5.887335777282715
5.836278438568115
5.6668524742126465
5.754063129425049
5.803683280944824
5.232583522796631
5.935792446136475
5.488102912902832
5.728016376495361
5.5101237297058105
5.2970356941223145
5.746410369873047
6.445511817932129
6.324355125427246
6.243350505828857
5.926871299743652
5.968893527984619
6.163693904876709
5.991121292114258
5.97285270690918
5.888383865356445
5.669183731079102
6.257474422454834
5.856699466705322
5.856781482696533
5.930339336395264
5.681357383728027
6.161022186279297
5.684682846069336
6.019613265991211
6.059535980224609
5.969253063201904
6.061100482940674
5.9474639892578125
5.600543022155762
5.840285301208496
5.7945356369018555
5.529806613922119
5.84700870513916
5.858920097351074
5.411409378051758
5.698193073272705
5.976665019989014
5.720421314239502
5.793431758880615
5.723726749420166
5.748898029327393
5.422646522521973
5.696661949157715
5.725537300109863
5.714756011962891
5.821556568145752
5.727491855621338
5.841682434082031
5.489367485046387
5.811877727508545
5.644585609436035
5.811415672302246
5.660700798034668
5.593716144561768
5.651284217834473
5.692988395690918
5.867115497589111
5.508386611938477
5.7575836181640625
5.882307052612305
5.628361225128174
5.421778678894043
5.564050674438477
5.599149703979492
5.513026237487793
6.0056610107421875
5.476925373077393
5.5985822677612305
5.248025894165039
5.134172439575195
5.622844219207764
5.735794544219971
5.732705116271973
5.266454696655273
5.031546592712402
5.299088954925537
5.768550872802734
5.314866542816162
5.301077365875244
5.523983955383301
5.574365139007568
5.390453815460205
5.445456504821777
5.256019592285156
6.040950298309326
6.721397876739502
6.246433734893799
6.286776542663574
6.040041446685791
6.121660232543945
6.343427658081055
6.32989501953125
6.033633708953857
5.929122447967529
5.803858757019043
5.970612525939941
5.740627765655518
5.708213806152344
6.015152931213379
6.230281352996826
5.898406982421875
5.8018293380737305
5.951960563659668
5.9434428215026855
5.951973915100098
6.050018310546875
5.851413726806641
5.916695594787598
5.861149787902832
5.7232160568237305
5.842211723327637
5.656367301940918
5.708771705627441
5.90911865234375
6.014359474182129
5.962796211242676
5.933597087860107
5.640167713165283
5.629464626312256
5.928585052490234
5.966028690338135
5.8921685218811035
6.053614616394043
5.779362201690674
5.559287071228027
5.8361945152282715
5.958279132843018
5.984733581542969
5.484642028808594
5.541330337524414
5.792084693908691
5.6984968185424805
5.638866424560547
5.614603519439697
5.763114929199219
5.589914321899414
5.979964733123779
5.349772930145264
5.920900344848633
5.330385684967041
5.850352764129639
5.222705841064453
5.769761562347412
5.02867317199707
5.570309638977051
5.992705345153809
5.531188488006592
5.83341646194458
5.971311092376709
6.362472057342529
6.271935939788818
6.1673784255981445
6.089162349700928
6.1608099937438965
6.1476826667785645
6.315298080444336
6.36000919342041
6.099769592285156
6.303278923034668
6.269214630126953
5.810393810272217
5.926802635192871
5.954663276672363
5.813060760498047
5.803671836853027
5.770989418029785
5.693541049957275
6.029871463775635
5.567342758178711
5.810700416564941
6.035682201385498
6.103315830230713
5.4895734786987305
5.6341023445129395
5.911491394042969
6.057379722595215
5.672852993011475
5.620443820953369
5.901796817779541
5.7875213623046875
5.5317511558532715
5.7096099853515625
5.462373733520508
5.7542877197265625
5.411414623260498
5.701651573181152
5.819714069366455
5.468118190765381
5.705835819244385
5.869250297546387
5.93333101272583
5.686836242675781
5.6876044273376465
5.519542694091797
5.931831359863281
5.481764316558838
5.810657501220703
5.597701072692871
5.58350944519043
5.584357261657715
5.6001715660095215
5.600645065307617
5.173331260681152
5.623716831207275
5.259511947631836
5.499693870544434
5.794761657714844
5.9642157554626465
5.612788677215576
5.969305992126465
5.644477844238281
5.797155857086182
5.747438430786133
5.505260467529297
5.610240936279297
5.684743881225586
5.180540561676025
5.572504043579102
5.532113075256348
5.661743640899658
5.671844959259033
5.818048477172852
5.333884239196777
5.913856506347656
5.7642083168029785
5.743825912475586
5.723128795623779
5.324859142303467
5.680124759674072
5.2769646644592285
5.834717273712158
5.617063045501709
5.301146984100342
5.43703031539917
7.1520562171936035
6.384232521057129
6.451600074768066
6.286757946014404
6.362583637237549
6.362001895904541
6.098613739013672
6.299933433532715
6.124014377593994
6.464881896972656
5.9848127365112305
5.901614665985107
6.0131683349609375
6.020362854003906
5.908731937408447
6.125699043273926
5.952256202697754
5.825804710388184
5.901601791381836
6.0507683753967285
5.789611339569092
5.649386405944824
5.960873126983643
5.968647480010986
5.580946445465088
5.969393730163574
5.790307521820068
5.855544567108154
5.927816867828369
5.691636562347412
5.812788486480713
5.733065128326416
5.875006675720215
5.841007709503174
6.030021667480469
5.658641338348389
5.854179382324219
5.788436412811279
5.631937026977539
5.456712245941162
5.896407127380371
5.644217491149902
5.817033767700195
5.725317478179932
5.43123722076416
5.718434810638428
5.748848915100098
5.731698513031006
5.594647407531738
6.0040178298950195
5.923356533050537
5.761772155761719
5.862199306488037
5.938952445983887
6.2461347579956055
6.043467044830322
5.7596869468688965
5.884942054748535
5.684877395629883
5.767782688140869
5.826727390289307
5.979044437408447
5.765266418457031
5.716596603393555
5.770824432373047
5.734109401702881
5.7005157470703125
6.129677772521973
6.091675758361816
5.6753740310668945
5.54890251159668
5.7573089599609375
5.837618350982666
5.700056076049805
5.684421062469482
6.029653549194336
5.800654411315918
5.9721479415893555
6.232700824737549
6.152464389801025
6.248693466186523
6.264192581176758
6.116873741149902
6.2875518798828125
6.1574320793151855
5.901667594909668
5.949277400970459
5.606546401977539
5.815917491912842
5.9973320960998535
5.883438587188721
5.723922252655029
6.086134910583496
6.088357448577881
5.968320846557617
5.858185291290283
6.074453830718994
5.709405899047852
5.7383952140808105
5.893258571624756
5.7950286865234375
5.915080547332764
5.591815948486328
5.776235103607178
5.598222255706787
5.654359817504883
5.853751182556152
5.744123458862305
5.795464992523193
5.811196327209473
5.943718910217285
5.834184169769287
5.568141460418701
5.957961082458496
6.049100399017334
6.03161096572876
5.99056339263916
5.926658630371094
5.731866359710693
5.798266887664795
5.787725925445557
6.0626325607299805
5.759573936462402
5.621555805206299
5.804072856903076
5.941628932952881
5.746009826660156
5.803315162658691
5.6353759765625
5.767011642456055
5.891066074371338
5.926623344421387
5.720383644104004
5.869535446166992
5.554313659667969
5.829555034637451
5.914648532867432
5.588183403015137
5.509489059448242
5.861453056335449
5.628880023956299
5.792111873626709
5.486111640930176
5.494707107543945
5.313355445861816
5.339838027954102
5.468184947967529
5.6907477378845215
5.597178936004639
5.499847888946533
5.496168613433838
6.192102432250977
6.343251705169678
6.044971942901611
6.221460819244385
6.107619762420654
5.82954740524292
6.071916580200195
6.049152851104736
5.91568660736084
6.029120445251465
5.8985114097595215
5.778834342956543
5.817376613616943
5.692027568817139
5.757687091827393
5.756608009338379
5.957263946533203
5.862272262573242
5.7166748046875
5.657896995544434
5.5909953117370605
5.701304912567139
5.759169578552246
5.7882184982299805
5.554195404052734
5.638507843017578
5.562606334686279
5.763721466064453
5.541496276855469
5.792555332183838
5.599721908569336
5.490974426269531
5.712376594543457
5.706178188323975
5.823803424835205
5.731105327606201
5.839784622192383
5.772185802459717
5.825357437133789
5.647617340087891
5.679941654205322
5.515518665313721
5.832785129547119
5.667689800262451
5.69419002532959
5.7362260818481445
5.680295467376709
5.720428943634033
5.624439239501953
5.693090438842773
6.248682022094727
6.342125415802002
6.39931583404541
6.264257431030273
5.9472503662109375
5.944831371307373
5.571767330169678
5.605241298675537
5.669317722320557
5.485431671142578
5.531097412109375
5.406774997711182
5.319694519042969
5.425622940063477
5.480339527130127
5.206560134887695
5.316667556762695
5.375678062438965
5.238054275512695
5.385468482971191
5.268942832946777
5.275953769683838
5.183988094329834
5.280624866485596
5.176236629486084
5.21276330947876
5.289042949676514
5.236515998840332
5.186312675476074
5.166065216064453
5.362122058868408
5.0688252449035645
5.153787612915039
5.10631799697876
5.128649711608887
5.257953643798828
6.0287299156188965
6.153588771820068
6.299633026123047
6.2312421798706055
6.094306468963623
5.8984270095825195
5.873380661010742
6.088130950927734
5.90995979309082
5.870035171508789
5.843590259552002
5.807022571563721
5.881758213043213
5.864810943603516
5.895807266235352
5.770160675048828
5.744544982910156
5.729392051696777
5.790096282958984
5.787649154663086
5.6567792892456055
5.693531036376953
5.926115036010742
5.808676242828369
5.709461688995361
5.620004653930664
5.768830299377441
5.541510581970215
5.560884475708008
5.592668533325195
5.788582801818848
5.641380786895752
5.878860950469971
5.682026386260986
5.667840003967285
5.455699920654297
5.5242438316345215
5.6124043464660645
5.423394203186035
5.650356292724609
5.472318649291992
5.4698991775512695
5.41455602645874
5.478626251220703
5.363015651702881
5.456559181213379
5.563828468322754
5.583899021148682
5.705909252166748
5.66599702835083
5.444859981536865
5.297122001647949
5.780527591705322
5.5261054039001465
5.161355972290039
5.273494720458984
5.435075759887695
5.478409767150879
5.554657459259033
5.7385735511779785
5.703981876373291
5.7048115730285645
5.458291053771973
5.665707111358643
5.688462734222412
5.466836452484131
5.582928657531738
5.588253021240234
5.5151591300964355
5.955417633056641
5.54943323135376
5.6555023193359375
5.249390602111816
5.430908679962158
5.393129825592041
5.624154567718506
5.942184925079346
5.848993301391602
5.339311599731445
5.402952671051025
5.478211879730225
5.374434947967529
5.404166221618652
5.40837287902832
5.322157382965088
5.746551990509033
4.873927116394043
5.639835357666016
6.522545337677002
6.008083820343018
6.183188438415527
6.121105194091797
5.995846748352051
5.914295196533203
5.9755330085754395
6.121504306793213
6.0238542556762695
5.821338653564453
5.854615211486816
5.746031284332275
5.789188385009766
5.850586414337158
5.951730728149414
5.642965316772461
5.817757606506348
5.656269073486328
5.700003623962402
5.944878578186035
5.782839298248291
5.5346360206604
5.690671920776367
5.729819297790527
5.455129146575928
5.6923112869262695
5.214875221252441
5.522890567779541
5.486669540405273
5.525872707366943
5.487100124359131
5.490082740783691
5.584649562835693
5.406083106994629
5.445209980010986
5.550064563751221
5.5322699546813965
5.505405902862549
5.306453704833984
5.173443794250488
5.2393951416015625
5.764096260070801
5.482840061187744
5.648827075958252
5.491184711456299
5.620301246643066
5.164433002471924
5.549215316772461
5.4954657554626465
5.454402446746826
5.1784210205078125
5.4101386070251465
5.504631519317627
5.103250503540039
5.480430603027344
5.221502780914307
5.337756633758545
5.623089790344238
5.170553684234619
5.883021354675293
6.194879055023193
6.13688850402832
5.969099044799805
6.008363246917725
5.999594688415527
5.988465785980225
6.04248571395874
6.624668121337891
6.272314071655273
5.971963882446289
5.824265956878662
5.981654167175293
5.766541481018066
5.868471145629883
5.93767786026001
6.0371012687683105
6.256204128265381
6.237879276275635
6.036093235015869
5.920909881591797
6.017317295074463
5.998344898223877
5.9747538566589355
5.860020637512207
5.5557169914245605
5.683852195739746
5.380627155303955
5.443442344665527
5.558877944946289
5.683725833892822
5.532929420471191
5.449301242828369
5.722479343414307
5.764410018920898
5.5778069496154785
5.401211738586426
5.7544965744018555
5.254607200622559
5.882700443267822
5.6293487548828125
5.032141208648682
5.707820892333984
5.399062156677246
5.327813625335693
5.4714531898498535
5.540084362030029
5.333671569824219
5.8404221534729
5.570133209228516
5.559723854064941
5.618628978729248
5.364409446716309
5.000499248504639
5.285182476043701
5.358985900878906
5.225953578948975
5.911308288574219
5.705905437469482
5.374776840209961
5.050442218780518
5.225379943847656
5.2049384117126465
5.461318016052246
4.9279375076293945
4.998831748962402
5.074214935302734
4.717716217041016
4.8994460105896
5.250127792358398
5.052323341369629
5.453800678253174
5.73032283782959
5.836516857147217
5.950594425201416
5.913954257965088
5.786331653594971
5.931293964385986
5.540563106536865
5.708799362182617
5.609698295593262
5.722265720367432
5.606346607208252
5.686692714691162
5.72421407699585
5.658720016479492
5.852649688720703
5.663108825683594
5.419614791870117
5.706023693084717
5.628714084625244
5.509341239929199
5.495388031005859
5.408761978149414
5.546640396118164
4.969435214996338
5.554469108581543
5.344049453735352
5.372751712799072
5.719936847686768
5.5995306968688965
5.60080623626709
5.471935272216797
5.220726013183594
5.475559234619141
5.7703328132629395
5.601977825164795
5.535720348358154
5.710504531860352
5.495145797729492
5.546321392059326
5.6341729164123535
5.8578009605407715
5.379761695861816
5.6682515144348145
5.4701666831970215
5.707866668701172
5.510356903076172
5.308419227600098
5.44913387298584
5.416750907897949
5.4579997062683105
5.373627662658691
5.580894470214844
5.245668888092041
5.403397083282471
5.2286810874938965
5.364736080169678
5.121129512786865
5.428451061248779
5.359604835510254
5.070376396179199
5.394260406494141
5.281841278076172
5.229447841644287
4.995978355407715
5.444636821746826
5.057243347167969
5.668447971343994
5.048959255218506
5.0665154457092285
5.41012716293335
5.4438371658325195
5.537595748901367
5.619395732879639
5.589137077331543
6.50223445892334
6.223158836364746
5.91880989074707
5.864631652832031
5.769604206085205
5.9385809898376465
6.109368801116943
6.010827541351318
5.904664516448975
5.852853775024414
5.873137950897217
5.799257755279541
6.086088180541992
5.895632266998291
5.813019752502441
5.6261115074157715
5.717434406280518
5.793183326721191
5.373920440673828
5.541968822479248
5.846290111541748
5.794249534606934
5.6213202476501465
5.864702224731445
5.517080307006836
5.810718536376953
5.7300944328308105
5.597728729248047
5.458920001983643
5.696410179138184
5.864871025085449
5.768243312835693
5.689209461212158
5.991607666015625
5.924828052520752
5.858626365661621
5.715747833251953
5.556132793426514
5.385003089904785
5.823657035827637
5.529598236083984
5.784852504730225
5.747241497039795
5.484410285949707
5.353022575378418
5.462414741516113
5.806422233581543
5.963602066040039
5.7040886878967285
5.266281604766846
5.137401103973389
5.309945106506348
5.50400447845459
5.683892250061035
5.097687244415283
5.663151264190674
5.640881061553955
5.519733905792236
5.674701690673828
5.312042236328125
4.999971866607666
5.178771495819092
5.407167434692383
5.414982795715332
5.545216083526611
5.389246940612793
5.539248943328857
5.713406562805176
5.560130596160889
5.315469264984131
5.479721546173096
5.404052257537842
5.570194244384766
5.714694499969482
5.658560276031494
5.952614784240723
5.9256815910339355
5.81662654876709
5.355220794677734
5.63843297958374
5.609629154205322
5.6170854568481445
5.346977233886719
5.553945541381836
5.690327167510986
5.71953010559082
5.800164699554443
5.3651123046875
5.3022332191467285
5.002411842346191
5.303043842315674
5.442281723022461
6.146578311920166
6.138772010803223
6.582350254058838
5.978362560272217
5.830749988555908
5.955516815185547
5.850581169128418
5.779488563537598
5.841371059417725
5.726099014282227
5.687145709991455
5.571991443634033
5.518486499786377
5.770517349243164
5.572736740112305
5.415408611297607
5.62369966506958
5.63422966003418
5.521028995513916
5.729280948638916
5.483055114746094
5.5962138175964355
5.3296966552734375
5.548017501831055
5.5858001708984375
5.694948196411133
5.567295551300049
5.494171142578125
5.4266581535339355
5.558154106140137
5.571582317352295
5.572237491607666
5.648174285888672
5.498157501220703
5.572615146636963
5.586047649383545
5.707718849182129
5.645867347717285
5.436548233032227
5.44630765914917
5.300042152404785
5.311944007873535
5.193868160247803
5.430036544799805
5.299210548400879
5.373751163482666
5.573102951049805
5.194004058837891
6.154245853424072
6.250397682189941
5.946478843688965
5.987213134765625
5.888070583343506
5.87319803237915
5.739323139190674
5.932736396789551
6.347621440887451
6.073180198669434
5.914031505584717
5.959417819976807
5.849171161651611
5.7772345542907715
5.626125335693359
5.634251594543457
5.591793537139893
5.7115936279296875
5.456566333770752
5.468089580535889
5.343260765075684
5.441631317138672
5.555290699005127
5.214259624481201
5.401875972747803
5.354780197143555
5.531966686248779
5.378369331359863
5.348586082458496
5.311381816864014
5.530459880828857
5.225893497467041
5.140244483947754
5.17172908782959
5.192556381225586
5.298327445983887
5.224217414855957
5.273621559143066
5.488509654998779
5.152956485748291
5.492245674133301
5.211802005767822
5.081086158752441
5.354249000549316
5.164384365081787
5.383643627166748
5.152993679046631
5.5876851081848145
5.409919261932373
5.295134544372559
5.192409515380859
5.278663635253906
5.319243907928467
5.330724716186523
5.573250770568848
6.262683868408203
5.847386837005615
5.899209976196289
5.845251560211182
5.75377893447876
5.7127556800842285
5.52232027053833
5.845584869384766
5.543588638305664
5.622175693511963
5.632224082946777
5.5229058265686035
5.487840175628662
5.711714744567871
5.560942649841309
5.424192428588867
5.442564964294434
5.422171592712402
5.652222156524658
5.510108947753906
5.33961820602417
5.574395179748535
5.488842964172363
5.334811210632324
5.395245552062988
5.689846038818359
5.543931484222412
5.284472465515137
5.6710052490234375
5.282003879547119
5.230222225189209
5.3975749015808105
5.204901218414307
5.244797706604004
5.338564872741699
5.412978649139404
5.243508338928223
5.159379482269287
5.360577583312988
5.120070934295654
5.459025859832764
5.6908955574035645
5.418020248413086
5.501040935516357
5.185336589813232
5.377112865447998
5.139570713043213
5.354287624359131
4.984241962432861
5.231276035308838
5.185333728790283
5.441455364227295
5.502926349639893
5.367690563201904
5.44464111328125
5.368887424468994
5.07206916809082
5.283302307128906
5.468724727630615
5.039738178253174
5.304482936859131
5.414177417755127
5.395866394042969
5.707035064697266
5.918466567993164
5.860564231872559
5.696747303009033
5.946323394775391
6.065854549407959
5.664520740509033
5.883679389953613
6.182542324066162
6.043789386749268
5.806072235107422
5.902409553527832
5.726495265960693
5.76458215713501
5.7036237716674805
5.681939125061035
5.987338066101074
6.093008995056152
5.9038190841674805
5.589425563812256
5.639019012451172
5.322963714599609
5.683197975158691
5.640302658081055
5.691962718963623
5.601212978363037
5.658915996551514
5.467183589935303
5.4046711921691895
5.535740852355957
5.609200477600098
5.831571102142334
5.158512592315674
5.552521228790283
5.397589683532715
5.480640888214111
5.59122371673584
5.329991340637207
5.580227375030518
5.2234206199646
5.621697425842285
5.578232288360596
5.554677486419678
5.553950309753418
5.568565368652344
5.381897926330566
5.348227500915527
5.370949745178223
5.390458106994629
5.296229362487793
5.435359001159668
5.445939540863037
5.302113056182861
5.226629734039307
5.330103874206543
5.546130180358887
5.5237016677856445
5.389608383178711
5.555686950683594
5.486136436462402
5.548312664031982
5.416362285614014
5.407792091369629
5.322035789489746
5.253530502319336
5.376194477081299
5.133973598480225
4.9871063232421875
5.411066055297852
6.239555835723877
6.042694091796875
5.7776570320129395
6.245789527893066
5.96586799621582
5.784521579742432
5.851130485534668
5.621607780456543
5.630693435668945
5.815177917480469
5.638988018035889
5.9131760597229
5.6984453201293945
5.643075466156006
5.698301792144775
5.515832901000977
5.550415992736816
5.509674072265625
5.485347747802734
5.312870979309082
5.827487945556641
5.105225563049316
5.017146587371826
5.6987481117248535
5.454455852508545
5.276973247528076
5.436110019683838
5.160423755645752
5.027525901794434
5.3144450187683105
5.000494956970215
5.005919456481934
5.3483500480651855
5.847175598144531
4.831452369689941
4.762178421020508
5.3827385902404785
5.314635276794434
5.169334411621094
5.220416069030762
5.591411113739014
5.313508987426758
5.546476364135742
5.39958381652832
5.553792476654053
5.423402786254883
5.670609474182129
5.25849723815918
5.557494640350342
5.595932483673096
5.516233444213867
5.475630760192871
5.418315410614014
5.200453758239746
5.277678489685059
5.331770896911621
5.011516571044922
5.305298805236816
5.507225513458252
5.047344207763672
5.2216010093688965
5.241222858428955
5.424349308013916
5.3209638595581055
5.345340728759766
5.355438232421875
5.385671615600586
5.367709636688232
5.068206787109375
5.326786041259766
5.653661727905273
5.482061386108398
5.424678802490234
5.578150749206543
5.3617963790893555
5.049864768981934
5.5446858406066895
5.478599548339844
5.066915035247803
5.919275760650635
5.892187595367432
6.124216556549072
5.772400379180908
5.785764217376709
5.9379072189331055
5.969726085662842
5.7212114334106445
5.972414016723633
5.688270568847656
5.858626842498779
5.815374851226807
5.762245178222656
5.870636940002441
5.6076202392578125
5.685728073120117
5.683121204376221
5.622031211853027
5.650561809539795
5.682241439819336
5.576037406921387
5.535665035247803
5.661808490753174
5.40648078918457
5.550078392028809
5.668118476867676
5.722509384155273
5.606302738189697
5.66097354888916
5.529257774353027
5.6586737632751465
5.454987049102783
5.436880111694336
5.40282678604126
5.400228977203369
5.591059684753418
5.389183521270752
5.429543972015381
5.2705159187316895
5.427384853363037
5.360528469085693
5.392189025878906
5.6307854652404785
5.447504043579102
5.466013431549072
5.297196388244629
5.499283790588379
5.297438144683838
5.4065022468566895
5.164632320404053
5.257837295532227
5.495048999786377
5.340952396392822
5.093672752380371
5.121668338775635
5.236120223999023
5.328835487365723
4.936703205108643
5.30069637298584
5.192159175872803
5.1396284103393555
5.199075698852539
5.535313606262207
5.603240489959717
5.454622745513916
5.658623695373535
5.1270833015441895
5.405500888824463
5.225579738616943
5.50588321685791
5.2242512702941895
5.018492221832275
5.157087802886963
5.199129104614258
5.3325700759887695
6.171011924743652
5.822078704833984
5.90133810043335
5.663602352142334
5.54320764541626
5.817448139190674
5.720211029052734
5.9271039962768555
5.86016845703125
5.892426013946533
5.705332279205322
5.699321746826172
5.771361827850342
5.454044818878174
5.688902854919434
5.7043962478637695
5.86781120300293
5.442719459533691
5.502976417541504
5.374544620513916
5.21060848236084
5.679691314697266
5.755244255065918
5.762463092803955
5.578238010406494
5.461093425750732
5.8494768142700195
5.7061309814453125
5.534556865692139
5.696976661682129
5.935731410980225
5.2368059158325195
5.592088222503662
5.214545726776123
5.3943023681640625
5.1696858406066895
5.638199329376221
5.791214942932129
6.061568260192871
5.943172931671143
5.342690944671631
5.372955322265625
5.50271463394165
5.4420576095581055
5.692531108856201
5.669057846069336
5.248311996459961
5.666581630706787
5.432877540588379
5.440542221069336
5.465869903564453
5.162597179412842
5.237730979919434
4.814023494720459
5.385797023773193
5.446112155914307
5.525531768798828
5.966691017150879
5.639709949493408
5.4851861000061035
5.722950458526611
5.582485198974609
5.552068710327148
5.4089789390563965
5.61279821395874
5.638113498687744
5.290868759155273
5.63713264465332
5.158002853393555
5.050409317016602
5.435794830322266
5.521060943603516
5.354063987731934
5.054641246795654
5.587947845458984
5.417357921600342
5.451805114746094
5.256287574768066
5.175027370452881
6.101980686187744
5.77773380279541
5.883127212524414
5.872645378112793
5.864864826202393
5.718649864196777
5.864815711975098
5.706986427307129
5.726330757141113
5.682619571685791
5.786468029022217
5.904623508453369
5.5064802169799805
5.509034633636475
5.523279190063477
5.7432379722595215
5.810974597930908
5.645449161529541
5.645845413208008
5.48593282699585
5.482626438140869
5.467838764190674
5.276175498962402
5.574031352996826
5.4876532554626465
5.36422061920166
5.233643054962158
5.636770248413086
5.368146896362305
5.577605724334717
5.393717288970947
5.566900253295898
5.256792068481445
5.317337989807129
5.220905303955078
5.437835216522217
5.433125972747803
5.345719814300537
5.498779773712158
5.575556755065918
5.602179527282715
5.1990766525268555
5.307600021362305
5.837044715881348
5.7879862785339355
5.336887359619141
5.27535343170166
5.4060587882995605
5.501274108886719
5.16159725189209
5.194265365600586
5.459477424621582
5.45977258682251
5.468897819519043
5.2637200355529785
5.424052715301514
5.417281150817871
5.440336227416992
5.478484153747559
5.1138153076171875
5.412256717681885
5.328449726104736
5.43160343170166
5.602938652038574
5.438932418823242
5.280317783355713
5.462556838989258
5.343313694000244
5.307455539703369
5.180231094360352
4.981563568115234
5.010858058929443
5.270339012145996
5.2816267013549805
5.323893070220947
5.266557693481445
5.1196088790893555
5.515676021575928
4.869147777557373
5.1004133224487305
5.291718482971191
6.183380126953125
5.806641578674316
5.726287841796875
5.722132682800293
5.683166980743408
5.880957126617432
5.752204418182373
5.7472333908081055
5.6923089027404785
5.683530807495117
5.642117977142334
5.565910816192627
5.603608131408691
5.660759925842285
5.341705322265625
5.501500606536865
5.402462005615234
5.5668535232543945
5.309197425842285
5.316778659820557
5.432920932769775
5.4603962898254395
5.247345447540283
5.61932373046875
5.597522258758545
5.433708190917969
5.526339530944824
5.471717834472656
5.4706854820251465
5.359388828277588
5.290425777435303
5.429192543029785
5.109282970428467
5.070248126983643
5.418601989746094
4.981194496154785
5.186331748962402
5.044283390045166
5.138702869415283
5.011780738830566
4.982136249542236
5.015928745269775
5.3488898277282715
5.0720343589782715
5.199580669403076
5.076037406921387
5.161333084106445
5.337013244628906
5.561440467834473
5.323256969451904
5.234344005584717
5.146135330200195
5.271276950836182
5.016345024108887
5.2302565574646
5.121547698974609
5.211276054382324
4.878255844116211
5.402189254760742
5.56729793548584
5.304297924041748
4.9343156814575195
5.441697120666504
5.218965530395508
5.140865802764893
4.967724323272705
5.132812023162842
5.14422082901001
5.239006996154785
5.179483413696289
5.53530216217041
5.587234020233154
5.587071895599365
5.432376861572266
5.714384078979492
5.661732196807861
5.422397613525391
5.607112884521484
5.523626327514648
5.355759143829346
5.335195064544678
5.423598289489746
5.8815155029296875
5.6551127433776855
5.663051605224609
5.298818588256836
5.249475002288818
5.725020885467529
5.280272006988525
5.543152809143066
5.736700534820557
5.483761787414551
5.383232116699219
5.429919242858887
5.577364921569824
5.430421829223633
5.419348239898682
5.768339157104492
6.0867180824279785
5.690070152282715
5.524035453796387
6.457135200500488
6.926065921783447
6.172736167907715
5.643575191497803
5.324858665466309
5.595076084136963
5.472579002380371
5.570985317230225
5.58333158493042
5.735028266906738
5.602248668670654
5.370105266571045
5.660406589508057
5.682040691375732
5.510570049285889
5.406147003173828
5.751744270324707
5.596686840057373
5.494537353515625
5.689904689788818
5.476047992706299
5.288436412811279
5.061250686645508
5.681280136108398
5.232414722442627
5.321164131164551
5.648252964019775
5.577833652496338
5.289405345916748
5.368000030517578
5.52419376373291
5.035670280456543
5.234818935394287
5.061272144317627
4.724775791168213
5.461580276489258
5.566723823547363
5.499759674072266
5.304479122161865
5.566225051879883
5.532990455627441
5.866774082183838
5.507842063903809
5.729877471923828
5.544195652008057
5.672138214111328
5.476631164550781
5.4503493309021
5.345184326171875
5.400650501251221
6.312054634094238
5.835258483886719
6.1463141441345215
6.124661922454834
6.153861999511719
5.992999076843262
5.816867351531982
5.972679615020752
5.588035583496094
5.824277400970459
5.746023654937744
5.535933494567871
5.53544807434082
5.423017501831055
5.29018497467041
5.551841735839844
5.3947529792785645
5.6450653076171875
5.546579837799072
5.71884822845459
5.371981143951416
5.273761749267578
5.300571918487549
5.2901177406311035
5.405255317687988
5.401492595672607
5.536978721618652
5.243307113647461
5.400004863739014
5.428446292877197
5.080480575561523
5.529348373413086
5.236924648284912
5.464785099029541
5.763001441955566
5.843822002410889
5.585712432861328
5.459292888641357
5.563088893890381
5.814942359924316
5.690821170806885
5.608987808227539
5.518240928649902
5.581650733947754
5.765178203582764
5.486073017120361
5.497675895690918
5.770495414733887
5.788717746734619
5.648242473602295
5.38874626159668
5.111402988433838
5.259796142578125
5.168025493621826
5.20098876953125
5.177108287811279
4.9180731773376465
5.387964725494385
5.064747333526611
5.375002861022949
5.27512788772583
5.387892723083496
5.104641914367676
5.356105804443359
5.4322381019592285
5.329273223876953
5.134308338165283
5.358157157897949
4.939676284790039
5.201724052429199
5.478403568267822
5.493188858032227
5.195285797119141
5.0030083656311035
5.179172515869141
5.209680080413818
5.275721073150635
5.636969566345215
5.719128131866455
5.692185401916504
5.798447132110596
5.541979789733887
5.7624640464782715
5.768211841583252
5.546332359313965
5.652477741241455
5.507271766662598
5.406575679779053
5.702044486999512
5.663899898529053
5.575517654418945
5.794803619384766
5.7845964431762695
5.418898582458496
5.227947235107422
5.112161159515381
5.254947185516357
5.414590358734131
5.634965896606445
5.172245502471924
5.139249324798584
5.1604485511779785
5.1931891441345215
5.353702545166016
5.611521244049072
5.1417341232299805
5.470945358276367
5.370874404907227
5.239817142486572
5.385005474090576
5.339331150054932
5.283909320831299
5.427830696105957
5.19877815246582
5.278478622436523
5.369153022766113
5.193364143371582
5.054083824157715
5.183359146118164
5.317276477813721
5.3277058601379395
5.178505897521973
5.074135780334473
5.339717864990234
5.106546878814697
5.2296576499938965
5.2653021812438965
5.189045429229736
5.447273254394531
5.562999725341797
5.197442531585693
5.393238067626953
5.385160446166992
5.504629135131836
5.593055248260498
5.202579021453857
5.377307415008545
5.015791893005371
5.128918170928955
5.010200500488281
5.218247890472412
4.93902587890625
5.176487445831299
4.874969959259033
5.12162446975708
4.89498233795166
5.206766128540039
5.315886974334717
5.852492332458496
5.443263530731201
5.060190200805664
5.401228904724121
5.967893123626709
5.79527473449707
5.652778148651123
5.630139350891113
5.717895984649658
5.610652446746826
6.154275894165039
5.667802333831787
5.527109622955322
5.726192951202393
5.611623287200928
5.558560848236084
5.3747124671936035
5.429447174072266
5.622389316558838
5.4917192459106445
5.319129943847656
5.489212512969971
5.315273761749268
5.388681411743164
5.35056209564209
5.503974437713623
5.527227401733398
5.414346218109131
5.528995513916016
5.3604230880737305
5.261045932769775
5.027976036071777
4.8795857429504395
5.535704612731934
5.504781246185303
5.18099308013916
5.1953959465026855
5.631988525390625
5.505976676940918
5.502072811126709
5.321138381958008
5.670299530029297
5.350667953491211
5.389631271362305
5.56559944152832
5.460785388946533
5.567274570465088
5.428730487823486
5.000031471252441
5.326784610748291
5.2514824867248535
5.653005599975586
5.55217981338501
5.242157459259033
5.4081010818481445
5.412179470062256
5.162644386291504
5.190495014190674
5.276517391204834
5.3513970375061035
5.11123514175415
5.391321182250977
5.582845211029053
5.95396089553833
6.023015022277832
6.184464454650879
5.987670421600342
6.100740432739258
5.793481826782227
5.543148517608643
5.592580318450928
5.629500389099121
5.526061058044434
5.672765254974365
5.564614772796631
5.526525020599365
5.405852794647217
5.622649669647217
5.405645847320557
5.361253261566162
5.043934345245361
5.489128589630127
5.3753228187561035
5.3154520988464355
5.415919303894043
5.2613325119018555
4.930580139160156
5.310359477996826
5.3119401931762695
5.485994815826416
5.563041687011719
5.2357964515686035
5.243081092834473
5.5190510749816895
5.419527053833008
4.928495407104492
5.39108943939209
5.505490779876709
5.684325218200684
5.132232666015625
5.446086406707764
5.153231143951416
5.298142910003662
5.51107120513916
5.323749542236328
4.986293315887451
5.089958190917969
5.284429550170898
4.783802509307861
5.193111419677734
5.110067367553711
5.432591438293457
4.825448513031006
5.442704677581787
5.731360912322998
5.769599914550781
5.779044151306152
5.964186668395996
5.978155136108398
5.67226505279541
5.60176420211792
5.499772071838379
5.579058647155762
5.676061153411865
5.618565082550049
5.405445575714111
5.482883453369141
5.323356628417969
5.5221428871154785
5.548153400421143
5.70114278793335
5.691216468811035
5.545270919799805
5.550431251525879
5.366344451904297
5.406761646270752
5.298852443695068
5.472676753997803
5.328405857086182
5.33290958404541
5.349628925323486
5.177506923675537
5.057826042175293
5.102481842041016
5.177916526794434
5.178308486938477
5.297041416168213
5.189594268798828
5.384768962860107
5.388479709625244
5.3333940505981445
5.133092403411865
5.1875152587890625
5.24278450012207
5.137609481811523
5.298095226287842
5.617027282714844
5.3191304206848145
5.452922344207764
5.493688106536865
5.317343235015869
5.292518615722656
5.401928424835205
5.411809921264648
5.250051498413086
5.344325065612793
5.043384075164795
5.378374099731445
5.20583438873291
5.293741226196289
5.1395583152771
5.1289801597595215
5.352410316467285
5.3116679191589355
5.362823963165283
5.32258415222168
5.267322063446045
5.301469802856445
5.003965854644775
5.128582954406738
5.526771068572998
